558588034042
558546929549
558470241020
558484378466
558453679625
558453803312
558490493264
558450625724
558458700026
558490541124
558535297928
558446265086
558453511758
558462164886
558490297695
558453779414
558470332773
558470352988
558447060603
558521834727
558459548513
558453915128
558500870530
558487802769
558490445450
558490309366
558437805882
558436901819
558363260470
558390102408
558402020270
558435581203
558381616520
558402192253
558390410379
558436961755
558390370162
558432717871
558359956302
558390138612
558344820291
558360740613
558344916260
558341474262
558358888963
558345016202
558440841971
558437929611
558434101753
558402092364
558250940408
558183043260
558283879315
558283659695
558334826358
558250980471
558183135158
558283609973
558283567850
558234151229
558250844509
558228677515
558338841477
558182907728
558339085005
558339021088
558243278044
558269725697
558334758673
558182835570
558233971588
558250988160
558334766669
558183195229
558093251621
558055971285
558056071051
558182711865
558092880517
558093287481
558055911075
558169653235
558140180587
558149956144
558056187089
558090258361
558055907502
558169637335
558171054186
558055951573
558137469230
558120678430
558070073063
558120777225
558169369890
558120874387
558080208766
558137081943
558055847261
558055863238
557994154061
558002651012
558054447884
558041312175
558036190520
558053855277
558029370129
558008523966
557994250022
558055743580
558041172509
558050548737
558002235985
558052707772
558030346451
557994190127
558008583796
558008563710
558036290347
557994050082
558047043488
558031340754
557951420495
557993706350
557946974358
557945373353
557993874750
557981532593
557945093669
557945537100
557945429292
557945229475
557989854792
557993942319
557941202949
557945553086
557940866117
557987749723
557990894376
557981636376
557940782234
557993594562
557945385335
557993518779
557943517008
557993594717
557854823753
557856136812
557856552001
557897561162
557856216325
557897485164
557898988463
557892060431
557852304466
557940506884
557856456149
557848211372
557892068458
557856384028
557897209944
557856436049
557854711970
557853064764
557897273808
557897947691
557891325587
557854859794
557897513296
557847239028
557794370249
557746718266
557732666413
557709399114
557709275582
557750195770
557794170675
557794454091
557774918502
557753511810
557746466850
557758219473
557794038859
557746617253
557845294499
557809192688
557794362219
557806067150
557742274144
557803108649
557755943351
557746898053
557840072183
557708999924
557659360172
557659295127
557699042981
557650094616
557659172725
557611068351
557605258570
557659316375
557659472029
557659151409
557653324648
557649541785
557651808181
557606180738
557651169567
557659468037
557611012681
557653796357
557650014367
557602325351
557698837020
557613807945
557651545604
557684721308
557521360726
557452102405
557451958836
557471752211
557495990448
557510619160
557463907215
557511295088
557559751995
557515840979
557510491323
557559655949
557520440962
557449585252
557602145813
557600030054
557507265171
557515688975
557561368356
557466424075
557406141406
557449729021
557599774659
557599766604
557405470376
557261637146
557345750012
557320071678
557262690037
557352366250
557368092176
557361924832
557345786137
557264271787
557271848880
557272204222
557317820914
557301829617
557321619006
557404235067
557345818123
557320071824
557261433527
557361976728
557363415882
557305134583
557345662239
557403815750
557261398024
557172904691
557206102740
557213248814
557144683744
557161065410
557261333823
557206142573
557143258567
557162105615
557192063602
557217065129
557186801412
557142335124
557213256777
557202959412
557143178661
557161133288
557173184322
557173324051
557144675938
557216717664
557204910048
557254650775
557136338907
557099869144
557039501737
557040098557
557074944612
557100063729
557039554578
557129272355
557039705253
557049919760
557039657372
557085430881
557039517829
557089105198
557100287458
557099817298
557130528545
557083854944
557075280086
557132414207
557075272452
557074376764
557099983808
557129120618
556955067229
556954152343
556995533133
556995405608
556945749534
556995493260
557038597589
556955540891
556999519822
556955864109
557008959215
556948330648
557038589482
557039258935
557038473986
556998625435
556995805875
557039294875
556999827469
556995237742
556945641772
557039326765
556995589090
556953148844
556945021439
556910260479
556883411807
556944689957
556894037911
556910008544
556911088057
556894293322
556894857619
556894337666
556911056191
556894022945
556944933577
556910836722
556944913264
556894306408
556901239348
556945601652
556903793190
556910892518
556903361755
556901063267
556883735095
556903289948
556849109625
556786427912
556860360217
556834811957
556786675122
556812008161
556776294199
556776338990
556861740927
556842038868
556737245424
556713616641
556811432725
556861156464
556719510618
556762999474
556861756715
556848541818
556812124742
556861112830
556727622764
556812240404
556861192469
556786471670
556487030145
556539054298
556660741942
556595163629
556674137881
556674289896
556711531139
556497433586
556648828556
556682713834
556682817721
556696760768
556519105621
556527284665
556704986983
556487154281
556683157316
556486738919
556601460886
556497541295
556550774910
556682841885
556705426724
556594314600
555735918595
549483711028
556485058583
549591414763
556426068946
549475753470
556418032749
554329269606
555349915678
549488213959
556469040530
556418420357
549588526014
556160930706
555624738145
556482159525
549590334590
556263192018
549592038047
549510226088
556340545372
556425608169
556428758671
556382538896
547632324436
549445088750
549337169022
547711631048
549299379063
549345073679
547906421773
549437052948
549317800458
549436080735
549418519419
549344937843
549292688216
549362993537
549354785858
549453242311
549377030806
549305072033
549370246750
547962297932
549228661859
549416335991
547463653246
549149448382
565312590139
560288934766
557501918722
565238426317
564644144128
565089612343
558970042365
565349782101
565359095986
558055623608
565281763185
557605466092
557602377612
564068319483
559022041774
564744121748
558348444650
554029059139
564875865344
565320911663
565269506130
557507245160
557856324351
558605247876
564429631243
565321935123
565201733649
556767212221
564740705201
565317843643
565278521909
564302028875
562850863477
556953655861
561486582179
563958573459
564789573097
557463975051
560718696423
565276949337
565187709999
565394515540
557557853418
565232162057
565271674087
557142167560
563151823200
558460408505
565082584077
562931203364
565277901661
565235902397
565087000860
564299526808
565237750943
565239417937
565090344416
565306450016
565164160699
565277925117
565357139615
565128904156
565193753474
565324247535
560127573255
565011300086
565237522058
565277106208
565088772790
564342728369
565194245394
564159479403
564563842654
564803653469
565394719845
564406245678
564863063197
565323967532
564029258839
558056195169
563811528575
565353630326
564678195323
564604408294
564846214957
564486045194
564338814023
564785502655
564599436181
564718575458
563973803148
564615468860
563856472152
564756863171
565398311664
565360063674
564337492588
565163748015
565316234399
564381756325
565089224081
565122893207
565198390168
565162741230
565273978956
565271378671
564688160890
565087860584
564599028164
562402564699
565236157949
565313618037
565357947314
564597908783
565275941001
557856404319
563961285231
565357899671
565240554209
565276398467
560518022963
564002045696
559599394133
562182882346
560840172874
564847711296
560345673446
557940794298
564861595920
564765410909
558453911066
562407309161
564688872459
564026812014
564110167202
558076377137
564818026234
564777373135
564711296398
556496929701
564780462694
559570817371
558605779246
562298631850
564644228212
564676756770
564599659094
564051415882
564031542269
564565774683
564571064821
562312235002
564633412181
563709408248
564206058153
564616252522
564240315838
564212448769
564134865444
564644683334
564562476322
564644803587
564296328378
564158034107
564061815459
564197254628
564384144643
564545785006
564732123096
560136488623
549619299866
557162353794
558607476017
557213640023
561582098922
562259455864
554411811684
557074060125
560700995966
564846754176
562255283020
561247954444
562474166647
563894376491
564697243228
560895730784
564003985655
563962353497
564032940770
558181072956
558242986869
561493246766
562809017216
564302122196
561339038599
564864851241
563849940967
559269800549
549299367219
564297260969
564555722452
564278590327
563939586668
562631085641
564345046994
564825059646
564475359457
564959599101
560998676719
564391430576
563858561722
564322825567
549545041389
564233005097
564460292536
559362157112
561296281029
561585123886
564011263150
564129837214
563671476459
561231792612
560536352080
560253543121
560761061320
563900096673
563940142294
562208587997
563917849067
560228373487
561223531231
562969311343
561066760238
564006465877
561530714491
561406457522
564160514798
561515544600
563913853219
563898576822
557345502511
559419510375
559483295643
556895405372
557943253643
557649946831
558861638204
557301661828
557398750334
558779161976
558490401381
557264547338
560052251729
557360361001
557853216942
558453827069
557218321307
558963242429
557993682522
558346148967
558651399997
558031604340
557367904544
557363607649
564639710664
564847527617
564746125753
564678810272
556428846616
564799977335
564847206221
563713224023
564825571770
564233821174
564106659516
564602518608
556651599810
564722275241
556441263936
564865719617
564953747586
564641159058
564696903878
556469624355
563919387413
561609101218
564954239602
564555615943
564279531665
563796212180
561463615092
564242199388
563917891898
563983136911
564285791516
564200038640
564494508265
561592810082
561304883305
563998442142
562917073352
564592519307
563987374857
561273433910
564301126476
562200531862
563872625191
564376660790
564557406513
564359119735
564472759411
563720024590
564778286459
558663233460
561206406729
564863747849
562767295643
563710652643
560886246706
564407097969
561038073036
564233891059
561090641881
564657263899
558606682982
561110538062
560058435025
561042133918
561273407999
560946835909
563961517339
558056059275
558041220344
564847306766
564067851096
564021498239
562969423010
560720453541
565088660486
564632220172
561268861297
565358019310
559039923115
557304806934
560936705278
561058547837
562065052683
565165800395
564801177047
561323736935
563819801803
562216637270
561160701999
564631972891
560667092871
560085245312
565089308965
561136197975
561552317432
564745253294
565464930353
565516419941
565464890490
560999032288
565546947296
565517275724
565464618996
565521527156
565546483658
565464754737
565521047386
565465094130
565547203118
565521471765
565515463458
560949968275
565517011229
565522763947
565464574420
560681244310
565470094238
565521671391
565547047427
557552157575
565436414054
565438170695
565432926281
565436334838
565436094060
565434114971
565432306565
565434094930
565433814283
565438586020
565434094830
565440402121
565437934324
565463886977
565437790070
565437962001
565434410176
565439762849
565432114524
565432558654
565436958455
565433382079
565439978312
565432354726
565361309444
565362093743
565362697510
565389305908
565389513428
565359245877
565363385810
565359629331
565366053058
565362057403
565365641431
565363885850
565361889615
565364317463
565362173717
565361785383
565365649605
565363941846
565363025511
565359269935
565363241499
565389377656
565364409965
565364045209
565276264408
565251664090
565356397629
565275836605
565276168639
565250208522
565250852277
565339005688
565251044111
565247992948
565276256202
565359041617
565250400963
565248076881
565246596150
565359221002
565358141901
565246944325
565276140572
565246268741
565275548780
565250120574
565353125494
565357493183
562873208739
553928913183
565245716322
561296185155
565244020012
557698869236
565243752331
565245532305
560054219221
553088939289
548957381482
551213782757
537253094120
547603369768
563142535607
548351074256
553839795071
553360503676
551359520211
36936240880
557783187681
557775159339
563592991151
549253487556
551721372737
557580668313
560691479598
552758999048
563486154775
555417069407
556637654957
552747600868
553214828669
553093139224
559569504661
547716622550
549289875972
551119248745
538380817020
556075249834
548350082853
551213911622
558340901571
557747346457
560697058449
553137228520
563967034755
549175736917
560713119131
551248319558
524878657395
550189196787
551166752818
560537344628
559718918410
547531075804
551179385820
558390582867
550092279518
537153718337
551203207442
561297185321
562557580439
550211250577
557947534095
564922489035
562204522836
549828393364
561740750410
563899749443
564922365420
564818941850
43426121532
562653081243
558857172213
551494513889
563067978026
536848160509
544102064267
548163067103
563143471940
557359946340
550550043969
560205003115
551493873380
562940448890
