550443131682
44553517091
538764076062
521329160307
530097143856
541467452038
12481218672
562901140221
558337662917
557517158256
544961697358
546914977099
559705259180
37685674571
534006192201
558323194549
543509055015
548574356502
544473313146
546176985853
561216633321
538897938671
564838406972
528752282796
547289656320
561221505991
564796877759
561356215664
547290244256
552285806513
561126900175
529309373065
557705933793
561130040051
561285878601
564769153463
561221945832
541339572522
541359583290
561355843828
561350791279
564651668219
547370951168
546144460166
561311618169
541339328326
562614790840
541338928101
562558513234
564767533590
562690407224
536918761151
559965131373
538979304924
562615042960
547336909618
547334761380
547380039336
559744025842
554735214080
541352054956
562690251200
546214439059
564642988157
536913141895
564915691853
562459688408
564839502682
544505107027
555181522812
556849229832
536807127403
538980172255
553553243681
544475817754
533932007779
534084548877
562691475865
561218081100
546191654703
544478833198
553801979378
549821470336
549856947428
547976864216
549934022121
547965952926
557834985110
561813813360
563913718652
563006874414
554406419148
39876947303
523081437818
562333808548
561308147692
562923456709
553127216884
563480930250
558752912675
561079068588
562590874491
560513741586
563477479553
555623878692
556739505198
560514285694
537979768232
557357548810
563979057810
556063591704
561064000284
536668240453
560758744160
563099794783
560287670843
553851717850
542185077379
40232924994
560794516694
537317056754
540621070588
543218735477
548913300724
559205613178
539423885480
524128173426
556849675428
21008063011
40677882693
523258911523
552778136029
533758927748
560802313200
553726818594
529517485790
548449473455
532882753638
556273412226
534098503714
543500426494
563678003179
560420656398
522213701405
534572557982
558397800702
531310457359
539424263114
543202342691
546250308381
540619241744
552754562521
563532165757
542879503883
548026293120
525548256247
561173309373
545937754404
528146910120
544018280830
39359449803
546322039529
524250654617
549382780099
45753821935
530943560688
40167034089
542863653168
520885448796
521454760393
563533925014
553729178801
548450281287
44475470483
543787125851
535758695821
39058916856
556047078607
553690729114
40256202387
557358212154
40104490216
542539070144
560420248476
553230822630
561241094257
40150251180
561160745258
561065128047
19115509858
544388166279
545470074686
560811037326
549484499650
540358906560
560858946508
561441096242
561515836921
559313467739
561608553385
561439700163
561677714950
559104336610
561607197942
561604654019
560504160832
561748499101
561515064035
559102076558
559313683022
561607381671
561985634811
564166812317
560549982168
561678630556
561673071012
561746331857
560599453170
559191749869
564422975468
558797155394
558732494329
557876333730
558733178302
558690337181
558795743827
558600048544
564421894022
557924262031
557484647142
558680269170
557800452708
557445001337
558270137569
558794999236
558588240248
557292180256
558809299623
557539707026
557889029080
564504851908
564422531744
564425311790
564351805949
564352133825
564275297029
564167212839
564243508314
564340882814
564345486915
564275549125
564274957890
564421818436
564245600179
564341906547
564167352354
564342246996
564342322212
564165724857
564421823970
564275809157
564167748087
564276225363
564167844195
564345846107
564353829068
564164204416
561501771768
560388485052
561401577002
562227945571
560264310778
562694789747
561433506708
560266014907
560793989005
560518519387
561366045783
561308192290
560389593275
561503151529
562837843687
562761830027
560564479294
560451590593
564163092131
561469614895
562837847018
562696129289
562695169873
560519863231
560255317628
558280935564
559964380461
560204581104
558217346134
558037423717
558036822066
560113476502
560113848850
558036539507
558038047125
559106108370
558098011999
560168434005
560016064220
558217910370
558693769588
520317765776
562565742592
557434184270
557851769757
544238268806
546531106413
547916849660
565307573504
548445851567
547962375510
551950532265
557171821320
548836886641
557848418000
543820637143
38473763469
547963315189
543797072170
547808373821
550339118594
550967289226
550882383763
546200663817
544018651847
546422854171
557382556904
542021300018
524253761240
543139679546
528443379658
533962529443
527132306098
528056187106
527308062160
542995812285
534780184446
528822253792
527136225461
538559798000
528757439268
528068269877
535872303904
543183439537
522805996606
526948217940
531150369531
528917779895
527380848069
529075029072
541667944151
521853494316
520421970369
41038291177
44934256773
520819466176
522631060705
42990713627
520520865406
521930017813
45455446188
521505709616
521207750786
521947018945
45555945935
40906658885
521137350679
39833098810
520800350323
520521865071
522101620886
42665594405
42247278374
45645508100
520492434258
564909808330
559087989619
559242311622
562999257937
563063674032
562396613570
564709696905
559133938555
557877253813
564893674125
559471006481
557666123682
559865375586
562583742331
559548009469
564228003337
558294624884
557567166098
564909948955
559228382075
559322572708
558429606160
562551882339
559227258487
552998496475
546637438956
557473540360
547990480867
556182333355
543970612127
557513158843
557522329140
553074579757
544025729359
551622050056
543127713816
544581110189
535989538806
557171265899
543531241220
548975197658
549001230306
544338083492
556063438390
544478402901
554333989140
556841684453
554413395080
522938464218
526266757573
531127448708
548651895236
549331814090
548556888629
549258644069
548621522173
548646137640
548702207668
548650663533
548674294601
548710295271
548606536485
548607080226
548555108594
548702619521
548654997680
548623222715
548551124445
548619642987
548645595317
548680958815
548592561215
548708055719
548551576709
548674974269
547127223259
548482642023
548411120901
548456797411
547027209411
548412440587
548418480257
548481646210
546634770844
548458901164
547072851246
547041100000
547094354072
548416936386
548485970332
547316835496
547025401676
547050270339
548508371048
548475174527
548418072264
548418896008
547293606611
548410668380
551919704602
550147865899
552065973876
545888046520
551849643786
549628935886
550091244005
552012104397
552139835994
550207711373
550207143959
552141615193
551811814307
551847015610
546583544294
551774901488
550142965095
551721940959
550210859861
546581614436
547318687198
549631667253
550095956918
550145273388
546197528315
546617621625
547000293018
546113090629
546134551148
546226513268
546565505256
546581960901
545892282661
546245354500
547049506836
546608719536
546100093305
546246038003
546064308435
546593325516
546607271664
545494463386
545478086293
564656327602
553517114469
554634603727
553480221333
554905079498
563973534179
550706388362
550783922527
550826091362
563644756383
564579574217
550752533140
557523056863
557744731135
553516818254
555917879782
550822595881
555731580054
557976701593
550819167717
557792143376
564658847108
557887308075
554873778320
558042237173
557656590958
557493469281
564557786551
557196363857
557615912077
557802470134
557247743420
564624479856
564357300648
564521509579
564556886196
564399804387
557599547189
564468337967
558121858299
557791768352
563832904117
557426584089
557246731496
557352244131
564362872152
564509453296
564470721641
557147607857
554788521211
557057508349
554924363948
554790557562
557123667618
554874799723
556400618735
554739244200
554791153740
556909526534
555385954474
554738344380
556368092693
556515359312
555824072552
555420586209
554853990096
556144252175
556335004302
555425182849
556813077238
557021411985
555607096550
550867402384
554085244299
554081192062
554584518033
554235839547
550861294473
554190814550
554188678620
550864958882
550917754341
550910798198
554713672960
554476268165
554504485633
554412226625
550835757052
554352676117
550839289232
554191474727
550950859212
554157025844
550887605185
550908002261
550913710816
550785082165
550783322588
550754353145
550776684996
550817723100
550783388265
550784154927
550834393621
550823359415
550788610139
550586674441
550566237418
550782710501
550785012822
561971192380
554733061488
564894866005
562372138757
560415732621
558439638220
564710156783
564710664632
564977451964
540979419617
554220487170
562690247675
562451788151
564711052506
562368038767
558341526864
562300921787
561402150179
557797666599
557852399051
565088319616
550283468068
546054049500
557512744013
548667449050
563388363082
558296935453
551030080186
548063947040
548694338079
544307894061
528612356929
563311842387
553676065164
552273291616
545419924666
563311238329
549805088521
557593258566
549853865275
547133573117
548436379518
546622950933
562730922836
564936026165
564783748184
538558182289
539467287163
555885408209
540631596085
551193006157
539036274657
538216104433
538894898382
538132122011
549454122825
555590368301
560141086355
561357994547
558637803835
564512313529
560040052313
564666407113
555761915532
556800690448
561727263057
561727183184
565061087703
564020756218
557299466093
561164699173
560407773255
561155353279
555848568435
564544178254
555667053663
564723928344
555640592812
561495188015
561157405561
553298571485
553015917785
564741127229
553230225786
553110510830
560184692969
561394207931
553158640713
553227453379
553293063087
559994118688
565061771970
553154012182
553323858302
564803112050
555970083307
555698668883
555817602778
553255842848
555873647164
524464158275
561680935683
560188632145
561273633531
561178668953
561174204869
561174024357
561179796083
561171364458
561180240333
562686714737
562523076298
561264161224
565039809092
561535544698
561697038493
560324806898
562115762749
554509588691
561746503408
563409290805
560652560855
561495525977
563491479183
563411314173
563336727273
560847381921
563216127331
561948188209
555724943743
561678022891
563313179540
560727878179
552851143393
562115182013
562058965952
563488767927
557231202936
563386455956
561797980566
556130433440
555725136422
558519317760
558132345954
561988031037
555854559635
559405749854
556020621285
561815564899
565116670313
523976088596
559980023235
559931990187
560177983337
561532128292
559262071909
562862994771
560660933936
556224594494
554863699685
561140278875
559976246960
557463724699
557007380451
556952306766
562114538471
561982958011
559512224288
560701817712
563244689026
562223286249
560727258548
560125724642
547835831533
560658065833
560797395624
553815825489
563241688373
558965735879
560704289717
555835588357
556493685273
563721379699
554499608877
558548048775
562863186079
556485752425
561677946696
558897967927
554432541812
559723217261
555681800779
559173707856
554864451767
547808634455
557300873092
561912185433
560703837820
560837683471
563346285222
555735699959
541273117007
557657167101
550082620099
555566244322
559046876844
561753992257
557013403507
542679535238
550328380075
557921290997
561981262459
556659897853
550379193931
561961164667
560835435047
560861860852
561911417936
556494313370
558272025831
557745997324
558180136930
559045870732
558637241699
560608196309
557137858906
558388011206
560772026427
558270777141
562063602769
560986254412
557310743110
562063366671
560701453689
557832196236
559271510474
557991730252
562033627142
556608051736
553347640255
557831688733
558794265097
560607464967
558038200859
557749687767
558639989891
559269082013
557049860195
537966768557
558758777967
558807810851
548013470762
550254887999
537680127564
552508069388
548900903930
564080334179
564120178853
547149837765
552586603936
564202603343
558672788195
547159521151
548894055795
554290474224
554327683053
554861791570
554186300685
550188701176
552545890944
564011181806
554075174277
564062418813
562862068918
564075632008
564251334845
537808943268
554995558288
549318212270
553947099731
554929053247
549361669805
563031870760
563992509499
564252426231
549318716788
549420319046
554886492729
554887452479
555020887368
554997806078
563885544700
564140303543
564184513060
564137811792
563993309860
547992881499
552585683672
547414333729
551203264277
551264957340
550191601987
547984447892
547171742746
537925801505
548043543344
564056550134
554160463535
550220638250
547190431588
551213664488
548872486093
550253403273
5540