564464349044
562618923178
563884912455
562432205945
563872200032
558159708546
565046363499
563991173057
563080281054
565046531059
564532190170
563659558070
560235370944
563976069674
564992780404
564060566919
563883524465
564532422154
564890925354
564615135293
564536802682
564626279288
564470953657
564363036007
564354044211
564532546194
564461577388
563994449094
564614355411
564614523743
564352364320
564617699253
562449766682
564464273003
564122519022
564532354818
564360504390
564616779824
564624939956
564469809927
564474713027
564617755459
546811451799
564463285648
561949540777
563970841122
564536558627
563735447261
564534094596
564465333556
563509339829
564129679385
564535838599
560508073827
564060918643
564461773773
564360712328
558860912836
548335198145
558950257195
564120491600
563885196578
561598986439
564470657802
561133052970
562340420016
563582713408
560449483461
563583877618
561660391696
563655714969
564532886604
564128843656
560181785752
558159720967
562393845907
561664883505
564462149243
563589361365
561122177828
564536330714
563654334277
563588509445
563919442817
559661670524
564465953370
562532553210
563588469018
564462769906
558198228656
563882444918
564472957098
563391379830
564612743566
560578774164
548415300164
562139955556
562340924078
564142323143
562186319882
562050453784
562051937475
563973529735
561666223523
17104874007
563652482851
563440282257
563590513847
562126050374
559005030407
563267232540
561661075397
562093761087
561217501184
563979585927
563146502132
561352095834
562381564473
560416724590
564061906982
563590521874
562058109045
562382801110
560416980820
558245699687
564831168951
560874618624
560639127743
562435997628
560182133029
561961376308
562380232141
560244874822
564042734567
558861484020
561019200530
562110569839
562575207876
562455510158
563584257804
562553154906
563375673626
561140022225
562337488535
560418224754
563376749927
562676323760
561116549004
563247965013
562475500315
563440282128
562974328750
561953516760
561255851244
563509827915
562673683926
562975688478
563135746669
562054525785
561162229095
562950395309
563054302151
559726675192
562183031953
562381320375
546838478406
561255675582
563275136654
562184595317
562505718467
561433288508
556226715615
563247577699
551368551219
551174752923
563219899725
554868666821
559726255408
562675571395
561333951320
558342414898
562282412443
563883608022
562600834264
564158859447
563735769016
560170855624
559951272081
563735509448
561973021257
563901744049
564231964090
564340025621
558415013173
564052885848
558468394406
560912748162
561878168454
562614474391
564494645140
544131595617
564077498083
561878192395
564051645984
561877644872
564410094149
564158647954
557310465866
556513506374
564158095823
563801738030
556467337738
562042186503
564645363941
563578531186
562167659995
562450330911
558412157721
557312469973
549225215742
561075778505
562313933164
564158783753
563901396197
563734897116
557774709574
563433705783
562449482796
563628364714
563734665615
564452060334
557823294873
555683472839
556568903348
557357722582
557356590360
562372294182
560684913913
553340265278
563767989555
553393397706
557880585534
557974347417
560685681300
557802197930
557952210710
560684477440
565353942012
562360332406
557760972674
557883370778
557905995288
559439519483
553461879538
560684241915
548461787067
563767589929
560591264829
557848557776
554791371884
553420638934
546571182395
560684769173
546200301456
565503947947
546259710285
565414766448
553420467566
554814438998
559226872888
533009442108
554741218163
557989899163
565474575631
557974759043
559375978817
547946976805
560819531121
563912375294
557725360458
560819267642
564503317432
564394108120
564880374624
551887767468
564394404594
564573863000
563728643248
564573202995
564061286025
563883992999
562370903919
562368539670
564881150354
560572092713
564393512802
564393964428
564654531653
564574226929
564574374088
557417724760
564393248642
564140823676
564060714111
564394616182
557000204145
564218867459
563583065719
564029793035
4629006201
563649064692
563735403774
564503277916
564574182415
564392868926
562125767338
552150956205
564095310690
554826523809
558281129670
547523714661
548517573464
562125935472
546458985095
558593707684
559143273850
561889624537
564809673878
563884748227
557612015704
4629052709
553403889756
565342946840
559263367277
564141151059
563650274941
562130856312
563591253867
563920388594
563122065178
560276413895
564060346754
563185134494
563263751022
564393916499
564137450600
563992673627
562130764315
556500562372
560024737581
563735511096
560644440106
564573422788
564706195785
563736563766
562709815629
563487308208
562129840519
558530958872
560122157564
554665708444
562126043059
562130276510
562130276825
562368879774
563589673179
556454145963
563884328842
553481011604
557612275917
563735227464
553438782884
560035484698
561958287695
563589853402
565012285415
561958759840
561818525146
546424632046
565085898996
565168555938
564901064323
563656850606
556501510299
563589649201
565086938223
565168307172
565012417642
565168947459
565169247221
565011853298
563657610396
564502617755
563017512845
565086426380
563728643528
562635238393
565086182540
565086474387
563992833351
565168355484
561891214429
563019636770
562130684148
561890074590
561959751149
561890038558
563263151162
563187330253
564140943518
562129908983
562299162115
563186470702
564900308169
563728351537
562567073827
563120149089
564059810932
563259334610
564061086075
562470880971
562567381549
564900532090
563185350273
563018980760
560187514647
559313412737
560670778344
559462414096
561085571847
561726396413
561889962470
560665333622
561819005373
560604481686
559461454561
559460794947
559460226911
560035716514
561817993343
560665509557
560799067096
560510636782
560219312289
559528491100
561889528757
560665017190
559527355371
559461650267
557418000165
558394875911
556377444444
558479105682
558281625419
557417948211
561726096018
557417680705
547525362213
545080641502
556558147502
558192152519
556378276783
556376364587
556375968100
556378572275
554776222475
557659827189
546428375199
564060530351
548476324495
545048868337
562635390137
556500014012
561818313315
562371531034
563734543729
559403729194
563589277149
560127157977
563120693364
556378340635
562369351418
559528715162
564574294251
559932924458
558192468882
563884496529
562130264881
563185246306
563589029840
563262311362
562296886342
554670328019
562125539758
561889702951
561725052815
563186994082
564070469631
561890714279
559460750369
564141367181
556377272712
563019680073
563992037675
563185774473
560183822476
563145742918
554738324699
563145050073
545959483918
561784470542
561818763395
18384400466
561710073872
563080281686
562977728461
561850711549
560754657256
563080961761
563221015954
554853470364
563080573829
560443425035
560380570224
560626514512
554739484040
553218014580
563221635658
556237333888
560904121868
543668525895
558584521359
548898012543
560744283504
563080921690
563220999416
553221638222
561777058085
551298947905
561781554611
558702271764
563145994684
550410722266
553218274696
561612920650
563145110451
560743719902
561709649933
563147134078
545958215236
560319221072
553220722298
560627594091
554852278837
561704953312
549499526188
547850377186
553119032223
545890916749
561619284971
561782378914
542606007538
560692799454
554816333849
560077460012
535020088992
564096449999
562455680892
562553357849
557477023180
562694563820
564244911411
562639894002
562717335173
43827721854
564244059844
564244863049
562573261478
557478367359
564244559872
562477636168
562717943560
562479580964
563608497140
562478372424
562553105027
562621006412
562572013949
562648467927
562718211789
557477895083
557479023121
562411020318
562411248266
541557283467
557284060101
549759512041
557709367774
557286940261
557477775789
541531561906
557418366168
557601601006
557374745998
557375877003
562573625624
557418926461
557280976534
565060294137
564521085902
564768649942
564986481201
560923466337
564889713413
564874516458
561238282207
564520733551
564883157513
564838943000
564766433780
564985441801
565142611444
565141779981
564520749836
565142695505
564889697525
565060350084
564521693413
565142783370
564986093539
564985941439
565143011325
562094468752
563414756489
563662595109
564412364371
564521977392
560078790679
564768729804
560139398631
564591578243
564672407115
564592018899
561731032498
564041041695
565272946744
562340287369
565355999593
562336267950
561304610714
564671435384
43973792666
563662363651
560229797808
564041765793
564673259362
565086764120
560924186358
565198409744
565087184373
565198993746
562195021894
565272930647
565087416298
564648868825
564840037686
564649772378
564831106684
564645632918
564910426994
564726740549
564828906907
564910306552
564833510252
564912907988
564837725312
564912659295
564834238496
564828170294
564911486948
564993131484
564648248710
564913855484
564910954253
564724492289
564829670501
564793304695
564829466057
564994627507
564916383789
564726504574
564760225106
564910914623
564726884940
564829570344
564759625966
564726572725
564911590213
564649808452
564910642672
564914551870
564726860451
564727220179
564834510427
558085771574
549914213664
557000170467
559157314615
556871332052
562805220917
558101440605
558238186028
562842742509
558238646526
559271305274
563092559041
559323190498
546573589218
559011640779
560137945141
559770575483
553228238429
552202089513
556859276792
562918735729
556800141152
558024822139
559013252012
547442308117
553228802199
562923154476
535439072879
546611663624
548153884858
541875569422
559269361097
560073320288
546542096707
19190542754
562882754587
545612122532
562758272620
558300231650
558194597121
561064310059
547501438102
558296267902
561454409607
552849924753
560267459480
553270747531
562776785734
535438104053
560127826585
546577309170
561398807140
560287327670
538178994158
562334223855
547495430828
562288755735
560116337921
563101742341
521420102038
561398339957
559391891732
561407680309
562041084194
562093304311
560139445938
561128743821
558307443721
560128873432
546595658235
558302883896
559268645304
560197218519
560853178435
559324946441
561310076972
558308207167
562052536931
564661815493
553193361504
559269785865
560025004985
558239742198
561482014199
562718244647
563093103037
560244707042
561413313612
562848656370
562999535896
560191070775
564215866583
562218258539
556956329746
560065625045
559174864024
561549663821
560046784876
561541171035
562254142736
561171388443
562190053388
561162127805
561542447180
561310796012
560195999221
559178304392
560806229118
561402463910
559100841717
560037912576
561096242827
559973324943
559177748414
563166911592
560261015507
560073808554
562922702654
558105096520
560287747771
535402393314
524383152086
562841730320
562219738242
552136988547
561183201806
562776885860
532595921123
559390859576
560161049836
562843022298
560257755112
560191539250
560134421081
559267025318
560222830796
561128571554
560194854318
524997804759
542587255987
552138568853
560199474304
542395573684
556884103991
558305595590
563000507889
561318239710
560162181078
555834708777
559389783628
545613586784
561413793367
560185019189
561549103787
560178034249
550057619842
562805524334
562543681011
559010236899
552950262559
563674981968
564893505681
564781012685
564893633474
564780712732
565057843914
564780952925
565057967392
564975442793
564893721196
563817995500
564965882969
562189373665
565057467736
564789492967
564790620222
564976222143
563522872008
564966574392
563741310775
564976178326
564976238297
563739470153
564780840310
558660855163
563521276024
563771067032
560623242270
560463124746
562252670556
563521472145
562092244140
556374202654
550797528097
556328653305
563556736280
563740126227
562181537604
558536133407
555350539870
563555748300
563556112159
562252362053
560728707625
556250024335
546714330510
563667825444
558193544594
565247358227
529090771359
559449720699
565065016181
563742474867
551229052561
563530604731
562055097433
562182225686
548674860389
563558316631
562253378601
558402575291
565247062235
563572924232
552935247028
560623466467
562251622186
562085708645
547640057788
562325199088
563634085999
563566136483
563529556456
562330795929
550884588658
560543061532
560541741002
565176829539
562252786583
565064528418
560662370484
560555289458
558591526002
563737638613
562323931519
560465404493
562250430354
562180629733
562189353280
558655603053
546558440347
550889265844
546609680651
556370694150
563670465864
546863777165
546162152423
562253034851
545346804848
565334927358
560502976030
563739134214
562183897978
550836524969
565334823673
559542129143
565172981989
563814763707
548446766954
553862540773
560609474308
565334691779
565064824514
565061236596
565331235411
557195604996
560557409759
565064672833
565251986040
547046640865
545392642509
559542105510
560557777318
560622346557
562189181545
565256638222
562186617186
565334607354
559541509263
550009544962
565250754941
541058975144
560622798786
565176933422
565334787347
546090027134
565251510866
