542249980155
542478529143
542118480608
542487294116
542460760853
542488322387
541930583136
542494419369
542497791467
543201932600
542506529172
544429231759
543202616147
543227977995
542495647603
542510096933
543227169998
542495687227
543201984657
542544119365
543816838794
547125369123
542535134352
544028606732
542666023452
542495659814
542535738403
543227725808
543874547560
543731933322
543227905909
551600170228
552890866269
555270245384
547603756262
552655028760
555184032483
547674124202
549561284642
552380357415
547485436657
547162327597
554474099318
547522565598
554318588148
555251648640
551176867713
553634472931
552317580022
555261441412
554952598244
547763906461
553864786350
555300018213
555002995727
555657615533
555723747883
556051941060
555485204449
555705237553
556028000544
555565273481
556028192788
556108121973
555420239270
555603154368
555485456223
555659275697
555300314390
556093874028
556108493753
555485488195
555655187962
555360831187
555561433301
555566173155
555699933348
555561049809
555561461832
556448751506
556406745060
557018188759
556406389688
556507603283
556840399984
556448863122
556151342544
556840543687
556204403402
556452654546
556204475399
556109193018
556395254441
556507151856
556501135343
556894645765
556147611373
556151602499
556108701494
556108965173
556507841902
557061603977
556108657769
557287830872
557355209788
557328436340
557267448446
557070104741
557266628824
557266892861
557155520175
557260203708
557243821553
557346075967
557355337256
557155164742
557267052640
557267396018
557267292933
557355237742
557200834729
557266928350
557297331103
557155264630
557288038692
557207695620
557267400395
557421244789
557458763869
557400850381
557400234911
557400474153
557400890442
557458695662
557355553838
557458547532
557355341374
557458715625
557355345299
557420768758
557421228336
557458835069
557400546183
557458699199
557458755140
557355541536
557400546506
557400490267
557400622930
557421412623
557355709238
557507481206
557507549447
557613263743
557882907383
557459083407
557459015114
557612411932
557554918635
557613067609
557554514603
557458999888
557612627958
557462262814
557508517363
557507873279
557612475852
557554930401
557507901621
557460603915
557883011105
557853099087
557554954292
557883019231
557507813012
558187113499
558238530987
558481904136
558187417757
558301047892
558481860449
558226441262
557883063338
558277334553
558098080918
558569385707
557935390508
558137620590
558488132625
558569613140
558239018283
558301423634
558187185861
558226437331
558301391516
558187177789
558481132547
558098184877
558187157997
559510440241
558570218225
559875205338
559667918927
559601025461
558693559074
559601525015
558621818777
559602073041
558686483147
558570653475
559783396453
559602125456
559601425335
558599070093
559725683647
560001055915
558576581422
559601489256
558622238004
558633575508
559658482913
559658818752
560131708403
560399736457
560351268919
560309067100
560242178342
560242338072
560180665682
560408688339
560308587647
560242102425
560223001673
560223213401
560351867046
560308683508
560308655624
560401372471
560351656556
560351740418
560351219655
560408744343
560308903216
560408596515
560409436981
560408584543
560351695184
560521612964
560444105821
560506794683
560502941288
560516184071
560410064064
560501697685
560519388597
560416448376
560574450227
560573802894
560509397885
560503117092
560554953863
560556670987
560574722037
560493501052
560418844450
560565224502
560574026682
560522248275
560563884110
560567758136
560492533100
560609481570
560682382281
560741747278
560682374224
560632907874
560747775691
560574899059
560727682830
560633239393
560678707359
560681850923
560679278852
560634455050
560679570508
560675486510
560741659312
560679470525
560747451991
560654181594
560654668625
560612521902
560714090976
560634075678
560641203010
560865660163
560866436360
560854012930
560815152189
560747963406
560896416331
560866044453
560943233749
560787407954
560952025010
560935937630
560901844419
560948797620
560896200790
560905769356
560762633248
560812652704
560958557977
560800155486
560866668023
560896364020
560896188867
560792815152
561092351924
561058294953
560960205148
560958873896
561069055677
560959009935
560990217891
561083955848
561028434141
561058858527
560959417005
560996009373
561027922474
561027626946
561005334923
561027970587
561064766052
561063749912
560958745860
561011820572
560959905772
560990441139
561029274507
560994697811
561092655971
561572967237
561198287645
561143554606
561809636458
561093031490
561897425662
561797040762
561503578775
561092771823
561123655917
561800064251
561809444269
561894645164
561093143265
561898093337
561812212292
561129339963
561901657659
561815064151
561132098028
561093043130
561092767372
562048495586
561970590498
562339996925
561902985181
562246671845
562146070614
562328820371
561904413077
562328804451
562043751247
561976378066
562328536747
561905912107
561904293716
562036031368
561976666539
562246423757
562042763881
561969902812
561979126284
562076257410
562076221578
561905297076
562106805152
562346692286
562346204469
562340128758
562346492708
562340380554
562346564503
562340320832
562346440641
562346736112
562346444244
562346468499
562346732281
562346220608
562346512436
562346132802
562346088780
562346424799
562346532673
562346056960
562346368625
562340372782
562346244618
562346108796
562346444596
562442577516
562437189375
562443189144
562425805009
562442769486
562442765290
562437317311
562443261014
562443045041
562437321386
562346796049
562442645448
562437057525
562442913643
562442761298
562442813885
562347152115
562425425560
562437489216
562443141527
562346928411
562346776050
562425501322
562442933372
562505950612
562506350106
562443353156
562505518994
562443321166
562506290329
562505846602
562511582611
562494294630
562494034680
562505942513
562511610950
562506262400
562506102412
562511594812
562443309342
562444914509
562511230828
562511642829
562443757041
562511602720
562511698453
562506166316
562511350979
562567487303
562511882261
562584487813
562584755761
562584311979
562584815624
562579827025
562511934531
562512286331
562579087679
562579347699
562511862219
562512070208
562512034325
562584831745
562584715789
562512194031
562578951759
562579139873
562584747862
562584647796
562512130230
562584795839
562579755064
562696841726
562585007304
563053400584
563230058027
562585383287
562585011479
562584983807
562584847714
562585247167
563232266499
562585071259
563312514029
562584919995
562842453084
562585139493
562584859780
563307967593
563144552718
562585159111
562585059315
563144520964
563231270518
563231266721
562585071342
563694988206
563584873321
563729607783
563390911330
563730331610
563652774425
563482696171
563481728545
563585093552
563653034218
563695152625
563695044678
563730959429
563730479925
563694128951
563652378933
563585433562
563390443827
563391143023
563652894146
563800221703
563652006101
563729663942
563800485648
564052280680
563868442568
563947471662
563947139983
563801617165
563800781475
563801377466
563801297332
563948139726
564051780754
563867962964
564052212077
564052212420
564052436005
564052240830
563801349297
563948067619
564051228546
563800749808
563868286357
563800593845
564052152733
563947639327
563868862112
564240526981
564161381802
564160877496
564238536266
564308795667
564309099213
564229582239
564297975931
564160377518
564309491361
564228738486
564150117861
564160369506
564240586913
564161085071
564309279954
564160673950
564229274338
564052700161
564229206148
564160881088
564320667377
564312216804
564310031211
564470825742
564471945289
564471065730
564471233636
564471065487
564361220766
564362496278
564362032461
564470725874
564346009877
564361664388
564471681832
564541978135
564471197813
564471885132
564541962137
564356664171
564471389322
564361608504
564471717402
564471145862
564471669950
564471141778
564552706747
564586996071
564696709858
564623227459
564697165769
564621815858
564768126900
564622371784
564768494685
564767194797
564622963997
564623051490
564755492550
564622359657
564768326463
564623127544
564623183140
564623447312
564542386165
564753764400
564753484508
564586316111
564622659929
564621192685
564807296982
564800260257
564866257110
564865701998
564808336378
564850571522
564911265708
564912161656
564912137918
564912609146
564808028741
564912041345
564866185185
564808352333
564850159891
564912437324
564800220754
564912213807
564912445377
564912485190
564791988271
564912249722
564912213533
564866025153
564938914733
564961900259
564962304396
564939078322
564938318476
564961676998
564920205809
564921913623
564977570273
564961644276
564962504449
564961916311
564938874538
564921665460
564961948789
564961836893
564938670906
564962252441
564960412913
564920169790
564915665842
564962332155
564989734243
564986042146
564993710941
564995278969
564989430880
564993698931
564977662012
564993890499
564985858626
565023487063
565020379838
565059387271
565021095894
565067655509
565067995136
564986102290
565021283413
564985762918
564994006300
564985862640
565071619121
565067627891
564993970648
564985950486
565073881680
565074053126
565074861175
565149002308
565148954038
565148610632
565147490743
565147830972
565076671785
565074525847
565074189136
565074509020
565148026515
565074125610
565146602826
565077759174
565074173266
565073765734
565073037724
565149130046
565147586702
565148118278
565148218529
565231023439
565230955481
565231791019
565231847482
565231867397
558537467696
562441267852
547999327127
558334380262
555442312872
559265583586
561189243407
562376349370
563337661731
549636823714
563329537267
562376469718
560754925316
540268238618
559558576053
560803468903
557499448554
557211184637
548817069923
558643699821
548592698936
563998382311
558399347357
561030615950
557443998362
557300537973
560747441576
545472851658
557646037604
558900424742
562518531361
558747388569
560373430340
561054758003
557296060055
560455733483
560263100021
560908198222
557547473517
560787125108
564730301477
560170538314
560181683117
557632469050
560865025365
561808671644
559555692143
560607006702
558900338161
560209152759
558904898243
560165286704
556564085799
559700498246
560185679083
549633930457
561255201488
560430159332
564884179578
560232459693
561255673730
560271096258
561626976068
560275232118
561787022806
558711216349
559856483916
561388571645
557556305083
558441964230
561004002388
561622368882
558407155470
537159983926
550009055770
558994185338
558571414359
560646944727
560772034828
561794378256
560664880761
561788970151
560109297072
561865461691
558325790507
560792535609
560128806219
559794799180
560871627661
557665127088
558574010028
560246955989
558413719216
558149016981
560775490875
560483855120
558954151981
558150780630
560850791965
544006850787
560269956160
560184123870
559727257878
558332546378
560073989548
560751277626
561316634483
539105210462
538384383410
538643651939
539376586883
540048931503
537800839084
539092938706
543756136297
541361034914
538066921732
543602801475
538012864520
538014816190
543600965306
539536587233
539377573465
542513301069
540049125191
526135468333
534584474772
536875939433
520692739162
527387514141
526311419027
535911455110
537023616918
535384861417
520885716816
534597750801
527316193946
520994337208
535813905862
535042604098
527411800351
536379862746
536227711399
43440419391
43401370006
42131051546
560636892276
559942644427
41025513813
6163957442
540055348472
557705078255
560904558608
560378912777
560706618766
537857847682
560708213649
558503471882
560566567247
559943972362
559437224628
560636788061
558512619491
560603587008
562667174329
561974794826
537939353078
557795473799
540177408338
540051858432
540983392755
537295666884
539020961029
556854731050
539019673877
521425775101
556787993200
538549318670
556792084701
560536230060
537690373966
559687167210
546901909470
557656861831
556830098554
545856924370
522610880503
560749320755
520956275468
534954956351
537573307366
537422845746
538472967454
527440356531
557764843520
526596761051
560636180671
538631812676
557765243148
564500153886
561977534731
558148746809
527404765809
561976106710
561978354592
558813942555
539829635157
558149022526
557657409505
561043331075
560743888145
560863695426
543247070947
556864779059
530569775902
560976322179
558009580846
558904148831
560636536628
546922610884
557704530859
546945583159
559239638272
558813066958
557705434551
545903770510
560730125398
545926135047
560374004705
554940652342
560636428778
540127203852
560504642626
558813878274
559427920489
555521348971
558215880498
558512739766
546901069539
540664375361
558165223988
540663424416
530646429532
560034773575
560979419584
540048448797
538630848600
531772721347
538643047220
521092063449
41089689401
539019325003
537005259910
560959434158
538549834537
537609966645
540669413099
537690964115
563576364760
560424853776
559328790884
562125310326
562464866160
562883898194
557606438119
560654420383
556808572475
561455989709
558192466416
558367388514
556831446169
560506686875
563751088558
561961120428
