549010267791
563859794115
560884479571
560396256380
565034211650
561908519107
564149777171
563944615588
562135513101
549435080486
558342691923
559578841266
564149305646
564218046063
558141556495
564298851114
559167208747
555090314950
563693415679
562036180862
562203886664
555052265115
554977072981
562045552654
563444520695
560418864713
563689071584
556172866708
555052641297
563643478733
562783059503
556131001068
546650173622
557008791920
559562417985
555091298907
560467140611
552234585276
560578014260
558854005719
559382147024
544782864288
563617654420
547588733597
556134437403
562044200716
555091550583
558857585135
552297723862
558228161201
552960246832
561902915309
552338536331
551006220405
558231530083
553337076190
548908536067
562415570753
559927161942
542624953995
552166052733
556173914324
558233734826
559469688444
561763969813
562142537913
551061409217
555090146565
541884198228
549565768483
563567768985
543794592921
560467752573
558763612465
558343543747
548911720704
561229758147
556172502739
554978508133
560427623505
551844177905
556095098228
564879177345
564767071628
554977708446
559382443463
560121504917
564951662867
557237713237
559616738738
556096722748
555142843069
558279502267
555910261039
553106520617
560638243718
534058737821
544723277425
558854161319
554977904962
559867297609
559684955972
563568632074
558094240308
559781360262
540498794350
552258162852
560611009744
551888590596
550014173549
562007500599
546479912757
556158783698
560921626081
558584655903
552474187024
544782702177
545983918976
534060561809
561904367326
551797420970
532856199014
556068271393
565000374787
537159615359
564139918102
565000994289
557842678810
565000694672
562561742356
562634331026
557771578297
564066325419
565082655737
564814932824
546948105373
564841355513
564927225016
564150181692
557773682653
564042388506
564065865523
565082583988
564926933803
564814804377
565001094039
523998376089
564842019470
560862932444
562481491996
564042532001
559183059606
562590653214
564219146512
546968710985
563964372358
545139464684
564072917422
564066405858
546623470439
556881739242
562561750274
557756207956
549140099768
564214947230
564041648585
562560810268
559119354976
562634839117
562409282905
562397520437
562242508864
561090779637
557703670196
561025914151
562492592610
562106959997
562492584565
562355517385
562635647111
558942081698
559704287004
562395988615
561097338998
562491625647
561248787593
562493464157
559663602920
563366629296
562483587178
560098080195
559725475626
562634919424
558994722836
556821442524
559183615418
562658706471
561097110515
560690431158
561021064462
549213935950
556049291890
559637834583
557564572680
561025630809
546645099613
560461635091
560935084456
558995222591
562635359938
561029177934
549110654732
559667455412
561019712907
560936120161
564300031116
548628699486
559884434693
549139751328
559543909663
560165737789
560862916309
562244064779
562396068338
562589273830
559693434245
560689291568
559692307219
558853588868
556049003445
564132646206
560957185963
560073144129
560863480154
559725143358
562482751369
562343345125
554837376710
562657470139
562657422526
557724429862
561133162057
556695052856
561029257083
544392462912
562245032139
562493197290
562493804127
561182689274
562642159258
560251254955
560863816335
564219342651
561266923341
562408762332
561088400208
558995834266
549937046140
559544536629
562657302716
562516375668
562589621988
557696806568
562396280794
561026470915
563432494196
562492589780
562732359691
539367068267
559182031318
560957153363
561090820247
561115037605
560291779924
559580833832
562492000674
561087504966
559605261687
560222126905
562493717321
561114517149
556880735973
555891422550
560285523185
561088608651
557725365225
561317227272
559952439729
561182613477
559730119524
562483095265
557652393030
562348781758
562245240614
557842626634
557648281001
557722425931
557695906687
557698970062
560334065233
561251002704
564763681663
564919359360
564909859622
564654196147
564935674908
564909963137
564649272960
564936602574
563696495121
564919135740
564766017370
564757389056
564916959745
564764833517
564908587527
564756341576
564764181546
564766369240
564905493965
565019507305
564766265044
564756169591
564836874197
564765861831
558172321643
564705731336
524670934631
564624390338
561895007582
560564518781
523910023581
564443820631
546659569707
563447284462
564837146246
563095050427
564444088260
564443728872
564624462850
560624323881
563694751935
564624430748
563446568618
564556109402
558139553894
564705663464
564624074512
564644748005
538102663373
564443924420
563550797432
560631811232
564705523729
564554193176
556831580992
560631623051
561677660116
564444100320
564443640958
564554277057
558223418030
561769261347
564443604737
560407232051
564705191393
564644116773
564553489486
564705563189
563095894318
561823338840
563446108305
551038851889
536001080608
561893531180
562527447382
561840434728
556452105367
564443792452
563695223820
561768841599
564705835224
539650226243
560285719166
563618054230
564443844738
563031425671
562928500851
563549717133
561758801965
564624726011
563549281671
564624926107
564443796786
563446732602
556373896239
563549061585
544668591842
563030753727
561839902644
564443940182
540857511923
560218446876
564553793373
534975346231
564442872953
546682858498
564443736881
564623898622
564704799770
564624414272
561909251809
563618018866
561405920831
564443760870
563617794782
562064350688
553435118466
561825954124
561762313635
561909423593
563615642813
559748283276
564705795187
563618906313
561674824011
540848717072
544081973632
561840570055
564443836679
528325847563
542322985196
544611896025
555794630041
539649359365
559009695920
563550109568
557200494262
558172037989
563031853077
564705639626
564624454704
558767800340
544649474684
557197734602
561637559420
546682570173
564443712599
557152253665
561908999757
558857765123
560630615787
558909890074
549546257637
563551057368
558139757279
544639649986
550973609229
558975695708
556552979508
561751665152
556553443838
558890965292
548947917068
544668967399
561675900508
563549853609
557196818033
564705459509
544640217518
563173091081
560272022246
558045872095
531916058625
544667899691
558891049697
557196418416
564705823219
557151949730
564553981666
557456089433
561753973934
560625363256
564705747547
563095814076
536000868894
555753865068
555847991294
564443624748
555785242244
556443813433
544668403702
564704415703
555847755283
564553945727
559680542311
557153357061
544639153791
544639637282
556452661749
540855206479
559622525896
538260276209
540856467007
544612000613
563617878107
561840654463
556554175219
557152545288
564624126578
563618246518
556541986139
560401268680
560401388953
564443552949
564553949815
558909650745
558172557396
563448056350
551883354756
564553753770
524359265151
563095438801
559747523972
558139573741
547595777149
563617902539
563618482174
556545419254
544648498256
561769053529
564553617544
560499937530
561907923634
560500425685
547559592341
564554025503
564705815049
559679878728
549572274083
564705839116
561893035754
542319833707
560557674993
551847757458
558253427547
558945170466
560512334408
560624711030
564554005553
564444152249
559680366117
564554037484
557068060179
564705683471
561892523737
560557982809
558768036216
560406384325
556553863765
560941587784
560449273849
564624534340
557368596967
559010135150
558768096162
560758365519
561660160067
564554025661
560558950492
558136013603
561767625127
556497006846
560624123079
546703403379
560559514171
561833970124
560158289371
560564098522
538846419133
551918007694
545576429274
557066064157
561676284964
557200030944
558082948786
564704839715
557255639609
564444088305
547617066664
551882978365
549498112085
560406724094
564624518767
551792288707
561677724095
561676468379
528385581539
542909093739
561891675586
549511876729
557155169069
557065828364
557256875552
555768536696
558253303677
557255643883
558945290428
564623810762
560866794279
557067396220
561677788078
544092230355
559679562929
561762097845
560307975519
559734149147
540227855037
561662512903
560180501025
561892943445
548972030474
558083628718
542321361704
557199050127
557067584001
544058476462
545945167126
563549149466
560626007821
559747827729
563618670421
558046448260
558962584065
544667763314
560564054884
561759297690
561768737082
562929144173
536996149092
561753017263
561759849130
559680626251
536884251071
558891537768
560356960914
557259631417
557259599146
551038927507
559680642067
558945450334
557255343908
558223326479
560564666721
559748327401
547642735214
558976127364
544612356865
556443677302
557151677753
539650961638
544611660328
557257139981
564553073764
540855466207
548939633253
560874330920
541922346046
545783016484
553477547825
559680186464
558172281033
558909434855
553332800373
545829662779
546680014716
544648834599
559532412732
552381145573
544612176070
555794462323
546682858665
545784388558
528406976628
559532548189
546627348902
551917947639
551037591055
549571330017
544648678189
551913403265
559622757444
546628764895
558891985221
556552947175
539650027101
557597585011
548903132852
550918296290
542319309909
558083784094
551918691978
559680038852
560926386758
546875843230
560852545910
560758229736
549499300366
539659272047
554869131800
555846607331
555793986277
555673684836
554819218172
555754329353
555846819688
555847235917
555753301620
555848643058
555752405872
555672928866
555848319206
555754377096
555848187749
555753901918
555847431777
555674408205
555673832327
555792214786
555845855156
555848159959
554868275813
554819250216
554781265462
553398997422
554780561099
554706456456
541563597750
554819050295
554781465401
554817870758
554705364248
557735220363
558216545625
559237642547
559481532334
539858404640
557942566675
560984732837
559228632903
562529763168
543601177621
557836305910
558902590426
561077093735
556475612549
564247448091
562441276966
558575605617
558689719610
558695683120
561145926730
531638957060
556835022362
531638361196
558691379703
531306551612
4461561053
564342901637
564991570043
564934474602
540946632157
564467051870
565381783032
564862961434
565375495992
564750196493
540454134970
564205996045
565292298034
530800360801
564494807844
557020080854
559019759848
561238710084
560582122953
544337204719
564206744170
564865609246
564749344252
545411251276
565295214810
557040201510
544860638903
546614246278
544976583418
556598720363
551749251408
543693605382
538190746855
557885409869
542882056153
543131841587
557082622278
543777557396
544856692570
558384946572
555635128451
556508390731
542864357773
543779476709
557037797981
545099526063
558481434535
543804043331
557081318778
546575992438
550428172860
546564212617
545030569796
550536027234
551746515318
560422776016
553200273981
544282567606
553201237963
546613701374
564207356470
555190132292
547534890491
558977123882
551713022939
544919988180
553308438061
546607281440
545963995781
545258336630
544856474222
551328776534
550539523657
39543385232
9128213146
528729120392
37865350828
529206131039
41922578466
529258953902
542820206774
544269206708
560223937010
558490473838
546517367052
561758945482
550561999418
561758565772
557213156160
560284722813
559984764648
563299135853
558574765217
559987308665
540069888926
563222234658
535920299368
560119285521
560927366183
557365215518
561496529803
538842417719
559437355714
564056376346
563222414565
560030273652
556957419658
520787807677
556852493866
558542582271
557353904358
561402316872
550664797514
546486438814
558542694115
558628334047
534648943109
560246303958
560888544114
532048794585
561599522213
560137426667
541087489310
560578266815
562404702797
556762940967
541088878391
562207198785
558441600765
561496813933
556770216402
559030907824
560158535074
561435188141
550253425541
556134873721
553286410615
546468685452
557019702806
556898982696
556952351870
556958847126
541073764620
552472699616
556899266937
552472247739
564885210645
560076829598
558490857087
556851493156
552467503716
552445669518
562138365991
540066405816
552333908937
550610248032
546549087455
550562471487
557174776416
552396365595
525267507849
550645911424
550581461577
548604067181
548519615329
556959231457
546506287092
546503139817
529614766687
548546737372
548573234155
552432522310
550528804771
548603243096
560139860540
550610094837
557306814021
550691534454
563973021453
564326266958
563864448395
564122659236
563585853855
563521367394
565046131766
564626915247
563726647682
563586021787
563588585277
564542574062
564615015123
562461810690
564354484982
564364192302
534223980180
564139719968
564545862535
564625511831
564545662140
563658406621
564353164834
564626835323
564360720755
564048314235
564142791376
563483596267
564474453381
564541790764
561665643568
563728287702
564355616733
560507137041
564043486250
564471013375
564142663645
564465477063
564625911046
564541006995
563479076692
564125087137
564535678709
563728291382
557508167284
563584749080
564359916966
564360636591
563991569665
563972461011
563652350649
563847516291
564421167208
563480592088
565046371207
