564636854067
564929347999
564376532437
564711645552
563716292985
564491108997
564563616902
564677838403
564632592708
564690864593
564781682029
564568157433
564694797028
564894858195
559149499330
560840896170
563893878028
564524494746
563890360876
564247298410
564208940942
562704649373
564830751334
564278234884
564875941934
563855856550
564978267703
564592443464
564711656239
564657263891
564159181091
564641179614
564408677787
562449548574
564468615544
563952253295
562689015344
564710392640
563781861365
564690976615
564156686838
564403029280
564201126142
564021658169
564817630718
564646627231
565392515114
564560066852
564531281310
564687708887
565312650732
564072538227
564224041752
564798454140
558338076486
564491264392
564286751969
558866542170
564119264982
564631852622
564957631150
561170585124
564419787567
564608029267
564522022042
563958861145
565460039093
565302717763
565459703817
565280878000
565439931921
565283009690
565302741748
565189780287
565356514205
565302945333
565189812157
565302937395
565438891729
565459855220
565356014889
565376902138
565302817633
565282485260
565281413363
565356590263
565282377554
565355906199
565376850268
565280969683
564603385482
560274795715
564202738680
562228930596
563980998850
565312314988
562134998934
565167068605
565167904492
563954597239
564977967774
565238465863
564408369558
565188912804
562891274841
564203614425
563909565946
564957495079
561335417083
564898711927
565312706706
565167068907
565189688412
564929331872
560870421602
557509113087
564894834050
564812678561
564472435386
564687212949
563936526981
564100723116
564494385143
564692668938
563926024652
564826582407
564815330161
564756025621
562188898056
564630864212
559484923352
560866328759
564349718779
564958295130
549842701862
563825921177
564168136245
558773635086
561075724377
564880743752
564489800998
564847667415
564555403440
562805506073
564532065275
564403705387
564771853503
563823084066
564721580551
563893120623
562468270659
564609557938
564657383724
564025248812
564030882943
557709175654
564249894312
564215800145
563777045845
563999597910
564164080417
561504569650
564602049639
564396460315
562615950630
564672413639
564760623948
564430043721
561332609706
562065193518
564019287945
563808688050
562025605964
564743281585
561094157061
559485391067
564562892545
563988026215
562695585898
563892782630
564860662578
564133485379
561038180744
559483839472
564557346180
563902449753
556861140928
558202096367
559483711923
556860200425
563999901591
559270124178
557048779899
559270772020
564597454675
556944849972
557213352212
558202016552
558922805631
564201630913
558404563898
564844594305
558921589804
558795966493
564202674257
553965038504
556861244806
561075623385
556989614790
557614015651
564418440868
562260884804
564771065809
563900580453
564300336361
564071842454
561968040981
564599594412
564596195060
564645747227
562811031857
563710216632
564216212461
564603683148
564007709069
564519082929
564562846179
564339904623
562239678337
564633044187
563982500364
564601416727
563872061750
564630696186
558801690831
565399275885
565352691265
562403717397
565396763854
565359891931
564712365895
564216464270
565323559581
564213012431
565323619148
556550114335
565323663791
561009267427
558250724637
557363679050
565322671967
565356403101
565394639288
559659315345
565389483682
549427221306
564170196975
564349294222
565315974805
565262986826
565322539949
565240910038
565280459129
565279031159
565314263293
565197554721
565239989658
565231210750
565279283639
565233102822
565197474504
565274522908
565268038801
565200849796
565275074787
565239942200
565274769243
565322195350
565273382143
565200781308
565315911223
565230874493
565052564847
565087612859
565156553762
565090176861
565166265784
565121069238
565196206541
565086772528
565119784863
565165849337
565123633966
565159065346
565128124341
565166229043
565196698773
565128088172
565088128410
565155981307
565090592396
565124445352
565081796599
565194493665
565125844218
565054488629
564801873487
564638810383
564616180661
564978011906
564696999223
564613031263
565009404545
564869582842
564827281595
564615990769
564602547434
564636406530
564678975583
564721776051
565049332205
564860138562
564930331423
564621139898
564848638349
564602074600
564604074203
565012396386
565047504158
564722495469
564491269805
564557839553
564555351395
564557935047
564541322547
564576614843
564494573703
564601172606
564557059867
564596883661
564564280589
564592663013
564554879548
564570145069
564555670142
564512042766
564557286309
564527125776
564592387349
564595863489
564523666647
564526277412
564564252258
564597034627
564478554459
564349890670
564372511833
564409397753
564383423724
564471259340
564431511234
564384212671
564406378058
564343698074
564385618118
564411209799
564379383810
564372207229
564359383081
564458768199
564473755721
564387150680
564411637002
564387378451
564394002814
564386998906
564391506482
564440649974
564100932384
564227589407
564277986574
564208462131
564296952914
564343372289
564303448838
564285331577
564211536323
564269029661
564100844571
564240375227
564253422574
564328815321
564210281654
564317377625
564151743431
564341830773
564148879860
564325205670
564106567254
564092817931
564183207031
564242123873
564069724635
564024162979
564023960699
563977124561
564062343715
563957861947
564025034763
563936310356
564007419424
563958401940
564063615510
564062879846
563984340086
563934794993
563922003392
564028024071
564062183733
563967435086
563970811035
564079464065
564025826533
563981954782
563925560575
564067790932
563719696412
563811912416
563826513376
563844306446
563900124899
563771081339
563868473728
563801296398
563894524547
563846972802
563850496276
563759372946
563842518834
563897140290
563810936272
563892812817
563921571984
563890302589
563776317707
563853540930
563812488765
563917139749
563754028404
563721228227
563026146835
563390413869
562929439431
562852619347
562883907353
562743213112
562846970914
563058935485
562919729166
562930647545
563040054313
563023370259
563144563009
562854690963
563710616257
563668468031
563023030735
563666460861
562821435835
563717548522
562741973932
563144923863
563068586003
563664148703
562495847779
562645459516
562503105932
562686584778
562452392189
562577644984
562524254989
562450583952
562584862262
562536280693
562596179072
562523738957
562603642831
562576888302
562502091019
562658743436
562699970023
562598191294
562548305285
562578972620
562737966882
562523778663
562552871698
562700614827
562402737160
562400945070
562428478489
562379415622
562358149702
562408424769
562379339685
562363073280
562313828164
562311547284
562311773857
562283814086
562360989973
562375517010
562445367907
562410573627
562312592869
562431037814
562308549083
562359312981
562408429752
562311149233
562311859238
562449141601
562241606621
562096230719
562210663038
562205370819
562137018596
562096622746
562263091786
562118772993
562114057582
562164245496
562231126527
562189710319
562263988772
562239730737
562236990371
562217009202
562136665847
562171185587
562216309003
562215209815
562130354735
562095942056
562257592427
562168801769
561688286396
561680350760
561747247925
561746979965
561679726334
562068393742
562095302434
561693575652
561969220208
562067532864
561659783241
561969312002
561969564642
562072718289
561747123792
561899723529
562095786968
562026876668
561651827113
562072294727
562023613031
561680022086
562025508154
561679146870
561514267552
561581863816
561646979017
561581887984
561556225972
561539162549
561624538947
561545257796
561606819481
561582471448
561585167725
561543727014
561517302249
561641343119
561598595329
561600915142
561585755214
561515796621
561535342876
561535402628
561647727314
561534570775
561515788381
561582331394
561463277992
561406517502
561389748000
561448041553
561508629636
561424109211
561513029745
561408523193
561448545092
561491478097
561413191655
561462787859
561393686946
561446641983
561446397921
561455776808
561432087531
561394014848
561406245776
561463019843
561390383468
561390595277
561455956689
561427972789
561328600061
561334971177
561337413347
561331653271
561353204261
561338285494
561312824276
561336557661
561282984780
561312091777
561341502182
561286980442
561343426241
561330780044
561373420378
561350688620
561365055554
561368395056
561364194070
561338550991
561320720975
561303166323
561277245125
561324388415
561266623737
561232424147
561176215349
561254741373
561201160687
561227323648
561174917640
561198858635
561267159466
561159534011
561201492184
561180188570
561160474511
561228961890
561169447142
561199249604
561221575060
561216667234
561182440310
561241020910
561218859991
561161449438
561218391300
561159350824
561059207237
561158863774
561099215375
561044621959
561110258794
561034152754
561100767827
561040300030
561071831864
561075728554
561111218006
561082301230
561037173382
561090808208
561070099422
561066872088
561075524654
561129864705
561132125067
561157679612
561130141714
561081737778
561043101891
561043159464
560939182812
560918133842
561032710040
560908753245
560946791531
560920741578
560907375824
560907857283
561023352169
560949328916
561029494097
560992538534
560950432350
560946355475
561005019720
560894947294
560961603653
560964041654
560894267903
560949572965
561005511684
560988306327
560908779419
560919977433
560764215391
560820865525
560775185277
560892790308
560761183721
560772501253
560822861231
560772505269
560772225845
560848028084
560879230813
560870520254
560813220952
560774269471
560887614547
560824753158
560760541218
560826057874
560771928319
560867141569
560892750040
560893310683
560886438213
560829468057
560670074845
560730800079
560740303205
560736451857
560675264345
560737467337
560760189846
560701210395
560594245802
560681836149
560682368825
560605265320
560578237446
560725133594
560722665675
560634902347
560678124681
560695406366
560670522396
560666996576
560726085945
560634349738
560642094054
560629649522
560289790278
560252999737
560481272200
560487860431
560484852141
560540564843
560488476423
560576454524
560289530705
560355319212
560322429011
560356451397
560286686028
560275427218
560383462119
560523492665
560524100010
560510400793
560289610413
560418408318
560538024557
560489544819
560305643837
560577185958
560238778804
560215851658
560227993731
560212555502
560137393395
560229112348
560225189129
560200270247
560252915897
560206054347
560224579188
560228824729
560150910788
560228888880
560198854386
560228964806
560252815999
560229300226
560177953433
560220663613
560156706637
560224937371
560226069528
560229680044
560127073862
560136724176
560052711260
559936670083
560052563280
559934534896
559972784340
559941009306
560005106452
560058307230
560007735217
559985486759
560007111866
559965754885
560090954619
560094606467
560126069610
560127549353
560096269143
559939170280
559945917356
560004994366
560032865074
560136796032
559484255437
559480272761
559484299644
559878313493
559511347637
559833942201
559855040117
559880865450
559881021215
559484579860
559849620995
559787020914
559571441982
559592894628
559443940539
559485327186
559483131194
559878233625
559419226558
559419462524
559787320180
559786652892
559484443613
559787360155
559229530328
559255578420
559305364984
559041203849
559172197817
559360985962
559270312707
559270584145
559293087300
559172033991
559268980945
559078598141
559086330709
559072562692
559297672300
559271180361
559072918283
559072522942
559230859565
559172285685
559078058163
559361493796
559039739677
559043179439
559030419572
559031457104
558972306623
559020772607
559029027442
558974034932
559028983292
559017557311
559018606356
559020896173
559017377648
559035679796
559002777939
559030397990
559037651697
559030343769
559037455363
559028999546
559037415521
558976610764
559030475560
558972462057
558972490041
558977718540
558928899655
558923435591
558940416476
558930688645
558896431458
558964618943
558909617347
558868378867
558962510647
558963174369
558865746935
558919581588
558866186033
558923589918
558932232885
558920633279
558969466787
558939867843
558918797554
558939231218
558933708239
558911481132
558873314830
558931836944
558861914852
558861938488
558779329754
558779975526
558721820771
558809277544
558720140430
558725080755
558778127168
558861874693
558836704351
558829620129
558834724691
558826800974
558749449552
558820969320
558863838820
558828200709
558772331891
558809209620
558862270162
558720780845
558775631686
558812129498
558705330055
558714294027
558605487569
558663587882
558611574157
558665599033
558608126587
558652037160
558662945187
558714418575
558719120856
558605671216
558705022917
558719920491
558720052389
558710778162
558715662499
558665371884
558720116487
558711834410
558665571683
558719532566
558713042575
558676055176
558599606452
558563552840
558605219903
558601366527
558587750986
558605371921
558567292453
558542502054
558556117388
558542138459
558559241422
558550141098
558547087804
558604210091
558550665141
558547501705
558605318707
558547091449
558552367510
558558543564
558551073082
558605291789
