544383038130
548435753145
544381353882
549381296729
544129113401
545116371503
543602709357
543617981891
546057590617
545116275124
545150432668
545054440169
543596712919
546040747769
546096639593
544315956630
546081699270
543129313315
546049429064
541472562525
540461218875
543012938859
538160172492
543009037183
537356784362
541531893563
543077584439
542680192190
543037592889
541568146061
543036768008
543026686547
536057388394
543015513593
541573655628
543022026297
537236065557
543077355374
543080600991
543018886423
542982372904
543039216645
541455002593
541746732300
535992042468
542983376115
530628940857
534250049560
529130093879
532999737610
529790362176
533716331586
528075525248
529664751414
530891064268
529734770442
529773764921
527625877727
529769944281
528618685324
532089878036
529803789838
528594946536
532089786049
528603842574
527614370170
532823576683
529712770775
528028444682
528050450860
535770128100
528639380675
535524069785
523159094688
524129508240
520938483100
521241805519
525138276032
520948666266
521019197049
527158879781
524136621904
524539461118
527223480469
521397055679
523136611854
521213559322
521410706243
525477613127
45669359800
526416489188
525660215952
521906688806
525267951161
523166560496
525087987478
524124970180
526117622101
524851174721
45563439117
19447019052
40111811706
35515421607
45018272280
16718641723
38927260379
42069768746
45323932008
38088447749
45018192832
38774098200
42592830568
44723941551
38530586200
43751536944
39569199813
40131323491
39427935930
37641970887
44869865106
36659888711
41896093077
44955106894
41865742773
20287191390
45121061910
44682218186
16288468319
15442286119
12240334748
16331278317
6837481612
15892555448
15622787775
10599810858
13278560188
17906740440
560007163994
560745613857
564687807349
558304042382
564147350141
561263745110
559580606681
564238867156
561264469391
564154094588
557676631788
557056348043
562108712899
564052301967
546792305610
546750464191
559555056153
551638504224
559770003702
563960991349
560997561783
549111662644
562488869079
563670137320
546785325868
551637653669
560830126010
562330466332
559700898811
554137481184
551696101846
560601499377
563736962345
563668901617
554217435532
554704796476
551579014687
549135025258
556212810616
549138623222
559639465640
559553248878
563812905998
551789503333
560669868066
554174598449
562537351757
563758696509
562163984926
551763811772
562249978824
545665061807
537047844640
554065044021
563734741053
562395977439
559708586868
563866021501
560998525472
546758012100
549139999522
558475010361
562337426241
561300275783
554182638837
549109694562
539709358729
545695731949
532901419324
551701517380
563627860949
561186197239
562180289689
549085005933
545697123425
558679058637
562250122260
563628680459
559651573626
562598163532
561166281183
545664401008
561322458621
562538311622
562538631434
562299324793
545677438191
554228951385
556245655928
559696062357
558425821764
559554736262
560897595087
558679298253
560535854086
562322163138
560378512895
562359504058
554132781041
562163396682
558478726416
546810758017
562647914139
546832923993
556245463606
562395329846
560903688130
551729542635
551762911285
558538008191
561067446651
554725984455
558427169041
554877599292
554136925026
545633360750
560377304504
530683605556
554219395331
531994820857
549110658880
554825978394
554879491469
45616498895
541364407981
551707767835
532900071499
557149421367
550015840040
560904712917
549086417108
561302046737
561071792203
562580917446
562164072928
562484492209
559702230755
561368131860
551707231863
562598947086
560991913336
561130095695
562582089198
551580948620
549546934726
561057414004
561232585700
562599063145
556069132946
562580925829
560994525048
561057122667
560471337486
561124935576
560763429349
561232045838
561056294954
557545688229
557817195945
554802745930
554229815486
543060208029
541365794158
559651449589
545665033075
531995008206
549041492015
559652145182
556246235045
541306288317
549086641277
527809022306
550015624150
554887139302
556149517366
558477806938
533020428275
539707387463
542879766530
537294713981
554135793818
546811118553
558478894833
45611158036
563801270033
562649498626
532901407119
557145713905
531839994384
561092144461
531967937266
560725020977
541316061510
556069344251
535009756678
5375133762
558338956965
556192650415
560603205865
543032609696
534985161167
546784041976
543004796573
564374970296
564623571640
562971452010
559165104814
559168808199
559258969294
559385567229
561853475531
563215851281
559167584421
564485535585
559321214415
560797399286
564226356590
564375886657
563139130096
559258297760
564485067764
564225476972
564227232582
560569096772
563214963534
565411067145
565137600229
558332454619
560629062020
560721374495
558148031160
558232278266
557756465677
557864931540
560709873081
558164812497
558035617278
558234433128
558134530798
560851715347
557865467501
560835910453
560805855099
557863607761
558148744446
558229203025
557803514639
560621804505
560622646655
557803174526
557755205611
557668220577
557668052551
557667808679
562591574988
564969555475
564814769482
564970455271
532606031579
564969039883
556890366252
562392432304
564703624942
538851124188
564911898844
564887446216
564970367574
564815137793
564702452193
557843090102
557318080424
564886158963
557776629814
537809787303
564970259912
564886322387
532706006591
564815661500
538503977515
564703476328
561100871903
556567158197
556893444746
560466704728
560144286873
560883106909
557480688224
560640031552
562061422816
551030119475
557576427485
560301007522
561897340303
560084653371
558538742619
560566230784
563992140235
561851760384
562439793959
560515510608
560174361909
560211707334
557383544362
559653319507
560573786413
562069638738
563003715823
564766539851
562761324853
560211235445
560617212443
561744386620
560810749069
562069826362
557654786221
562091503222
555305607523
560727086787
560571372141
560175229672
561851752491
561894888986
560412036888
564502940728
562022390061
555887811852
560632007484
560660777925
562761760279
552005976868
560190738602
560572238163
557686365007
560412296408
557565917917
548430021098
562761848214
557469849738
560582631131
562459894430
559423474562
562087663708
558486753967
560235426746
562093116986
561992261347
559181915496
562430781170
562926922237
552124770057
560777070008
562060610653
563478408159
562087323197
562761900184
560730766101
560210751468
562476794833
557202542892
561998633990
560305459112
557470961059
557884576585
561999057130
560950431207
560505189009
560565736995
560727658059
562409646703
559359454993
563806091948
536343361880
543843201189
560513066464
564682162965
539610222132
553039030377
542469088532
559680059760
560446852488
560843395831
559371356810
561857800630
562460534539
563580325312
542761891828
559501609344
560569096100
559557326442
560752659396
536382444469
558953737892
561858868991
560662793872
558195855639
557263003707
558488041495
560705948236
557744563192
558952949284
557409416588
559003898257
559275556169
561347895711
554660665792
561993333542
540713388265
560616696984
540570779402
556901385517
557675583014
562863221481
558134746404
557675087726
555722280370
558863332180
537970402254
557480444414
558864056806
565110808178
565296494464
565295958474
565223737359
565178878288
564564224917
564587240455
565261355045
564674529670
564992780168
564769090467
564852319604
564828435112
565261023315
564850827546
564855391823
564855719667
564704953567
564704581347
565104185942
564698629206
564828071022
564857831814
565261127968
564855871688
565259871691
565177646637
564676289557
564592160398
564968100029
565179190675
565077729952
565152146932
565236175599
564745386523
565261683572
565078373295
565232439187
564828491527
564565536715
565152954978
565079293378
564676677109
565080425016
564588376792
564965796561
564857863982
564965092997
564775994288
565103117213
564962212158
564967448088
561090514898
559023488520
564745918291
561192274485
564592772204
564589048513
564770302952
564966524448
564991260099
564745922807
565078133184
564828067951
565221994663
564829211291
564776206277
564702913630
564595120970
520826612498
565223026158
556226352674
559120457850
559906009159
564746598970
564595308788
562662059662
561203059824
560077943031
556367859018
561109073484
559120089915
564700393304
556350894485
559148018040
559985586957
565179030655
559997922926
564967852056
564588144687
557589266143
561013868483
559844220004
564588252061
559938618773
561241847432
556408175055
546482616633
559950777312
546617455552
556366463711
557572761561
546483172139
556419587130
544845753736
556365154233
562608410334
557625531824
559229635984
539987913698
523962772897
561158827696
557503208772
521542459763
520826832297
559208863654
559983378785
536076066817
544852602830
541437063765
560987204627
559120133503
561082829657
560066511719
544856475186
556354154614
523044008932
557451936688
560062455269
540046460551
559995066245
562540745257
538284320401
556349399787
557482828894
556187640552
559170894299
542912747331
563431926372
559994218102
546616859157
564852859809
559142030711
556266657644
543891042113
541366778105
560051547627
556172780719
561090082524
557451220387
559937538505
520822253891
544828125787
544826763662
564578649290
536002595415
562816657760
557537449214
560930096092
559937534731
544853986192
559982258701
556308393674
546535486509
557536221445
559022720835
563952215857
563873222405
546591721374
562532079143
536088502120
547701214848
520802599853
521587217743
546597505530
563684532562
560064432838
562520053905
560033631615
536109993304
557483768264
551361708657
523040002149
560065816039
536075078815
546512677606
556315786147
562538043380
557678111789
556366995234
546557772583
559206795995
560284415423
562295288607
556350719962
524099587401
528899910717
561089198983
563806581770
560926752508
544875351080
538115835135
538237689078
522164180365
563366241342
560707883857
546514369666
561020681649
562516367728
563870118114
559179518348
560169002904
556408903201
541459819280
561156107246
559023772548
563871890371
562553614727
544814432562
560183899196
563791257825
561176102358
560063947007
546533994231
559167042920
557756155408
562532203276
538273720598
556351239952
559092869593
559266547785
561071737819
544808858364
542915683261
530369645273
561217003576
561176894171
561124977259
559966336580
561174714798
559086805276
559835120459
520818334933
526353083668
528854253179
557634478682
559208359792
558997120165
541453115842
542960551696
561177202931
564500158656
538283440852
544814332624
559210031669
544809662357
561155515871
546631287703
559165282735
540042772617
559243095909
560034675541
556190608866
563264324837
537217686037
546575265772
559789316119
559880589279
536001839876
559878506630
558928255876
562469933864
538610367174
563474504296
559660628926
565135083400
563910212428
559416409542
565134359652
535753109674
562354066895
564866996946
559759299602
564088894195
562470085567
564760526820
563595541063
564091198718
564085006803
554885163428
564978293408
539431896588
563909896481
536757571181
562373364510
557531724979
558228382542
561310143645
563645350235
564023865107
547947182520
555735184827
548404901300
559849164705
556792492070
542334892943
562186410186
562539126435
562671867319
563492108172
557514436023
553988372697
562612495971
559998762416
562286985338
563748091171
558814641485
547967555852
561136119975
553366511780
562312850502
549304603019
549271112430
547924019759
549276713249
562612967525
549276118536
562540014382
559026560784
549303994752
560908568309
563444064489
564951562969
557243813081
556228323519
565033771396
564768563134
564969251098
563580653697
563721983273
527125842396
559255293807
563641766743
563683756024
558182073451
563693075181
563614190064
556050888915
564685146433
563616674531
556050180874
559927417386
563618894147
564855890287
563856794381
564887786160
564970675744
564815369223
564966127028
564817441228
564882882475
562286231968
564970675518
564816709504
564814989827
564970819948
564882598128
563445504023
564968927374
564881530905
564811925331
564888034926
564811501306
564882138397
564814117703
564811765212
563447064605
564814577583
564970463178
563547509581
562282859245
559257677338
564811053427
557558024859
564702580835
564766704550
564704876023
559166836433
564041636103
564971723324
563788609885
564702784141
563692771490
560489537686
556133345636
558975755110
564886942789
558133600401
563686024273
564855798110
564701860076
549008311635
564702160915
564766724483
564042056287
558343139596
547767295874
526016605631
546647617126
563859006136
563939903832
564879005959
564040684829
563939315642
563789277983
564879109716
564952298824
562274243644
564149769645
558133356198
545791613196
562211950431
551072486367
558182813469
563606152923
563479784350
564684598749
564218446466
564878177714
563574285778
562037268060
555908293783
564505120322
561839414805
564685766530
562133517546
561733518812
563726675996
558766636723
564951934206
563866082238
552474619848
563547621686
562692918609
