560464396060
549582488564
562322375171
555913561088
565176529886
549100404730
555912897843
565176585410
556328673454
565064508454
560673811077
546089363985
565063892788
565064848679
565064804490
560688351662
565251846179
556766854430
560556445361
548139999958
556427771759
542572625167
544919611150
560620942493
565064872592
556372902163
560555001017
544526166943
565173357315
562258534923
559541185642
548386602260
565175333260
565334955147
565251850666
562374453297
562330991236
563625173572
560688707058
553966106391
562259158349
565248330189
562189625706
565177133170
560559461442
542553804452
565250854950
565251854588
565334855488
560556633540
562259066896
563572736092
565334727344
565334775272
542628147594
560596345775
563676597942
565176965309
565335111002
565176605348
559449592393
565177097038
565334795500
562181077034
562330583390
565176997277
544039254040
560544301153
565064760489
565063212851
556010659130
565176153470
562324667627
556427535274
560450088969
562184157420
535555218689
549135203044
565334691766
565334515396
544005096650
562182425181
560687831855
562055965239
560620954209
562086788286
531654603576
562181929373
560461284808
544863978648
541306439236
562092504417
560460976223
560554281610
560448288528
558197944240
560460012862
563740278981
562084824459
541075523757
560558197056
562186273421
545998400949
560556597116
541285100117
560541501793
560729319705
542629671848
530874703531
562324183563
546670704976
542585452316
550902684085
542610470313
541340652758
542601517922
560675931210
557496832949
550918043511
562086944632
552937527951
550088314564
562323759379
546714530210
538618258901
555914865417
546632515303
547146925114
565251562749
565333787843
565334447384
565252006318
565334927483
565334531857
565334467903
565334543323
565252030087
552856489923
565251726726
565251798485
565333151921
565334479442
565333047889
541063914504
565333011959
565251994251
565334527763
565334723422
565333847939
565334915107
565251386469
565334503953
565176737793
565248298690
565176701712
565176301519
559448796890
565251246520
565250426015
565251338418
565176845268
559541609661
565246618547
555957614616
565176557998
565176405459
555837908170
565064680902
565176693635
565176949285
557689999624
565247866166
565064676707
565176861269
565060084701
560502324341
548402856589
541281896453
538212701137
539838925628
548174664706
549080101116
549430586231
541062152721
546634752101
543445719945
544057763061
541342052013
536149686466
542634451050
542606930737
545251791956
542619046825
541080287751
544530106197
542637483365
549200899107
546105925433
542585308284
542555252589
538093339439
565176725802
565334731516
559665367721
565251734826
565064984063
565176901231
565247934337
565252078096
532197245072
565252002126
542581270609
565334731540
565176137629
534802267577
539092726070
565176629783
565329783172
565171413779
565251762750
565251782633
565064768859
547713255011
547134265446
551629177305
565251534743
565251386459
565064912067
565248222363
565251882557
565064824609
565247558852
532656844823
565065020061
565177221036
565247482958
565176525889
542610445029
565251730608
565250322224
565176593822
565177205090
565064592989
565251726518
565251554845
565334963141
565065148020
565176345618
542603433578
551625589240
556249456161
546612996593
547139034119
560597241304
546452702914
565063856871
560675019926
539838443366
562181109914
560625306635
542614145454
560661482955
541283252741
560621046195
552852541756
542621010408
541292713413
532630825022
544493196556
547916472167
541067211294
558401299746
552937887817
539424589827
44277237436
557120977409
546040827314
560763155614
546451807514
563457380898
537882361656
538239146316
546450655662
551399355416
560001242089
550553567853
553196039624
559239682811
533992546730
553645190541
550676500731
544811059614
544719046377
538020556152
548168387216
533031980983
556693917705
534359141940
531077947076
536196687094
541914076298
553507055750
536197575456
521070475950
545918947250
564408336198
558136302976
558202491251
558092817987
558090249113
558092477373
558233435013
558032144029
558147190461
558205667521
558170614529
558200919353
558231831325
558203767950
558121853295
558138378599
558095305280
558140858997
558094049190
558205003245
558199519413
558094301621
558204283567
558170938885
558207507614
558030160092
558004420880
558001904608
557995864729
558006828896
558008268256
558146906410
563325025805
562715803617
563226404341
564662722702
559541604421
529619762066
560663112565
563395734452
562437848068
563233864028
557164980225
538944084375
564668167575
560457493738
558079008428
526948882081
557279130809
545203948872
564475037142
562527193108
556200880846
551897375497
547594414970
527316488840
562474764674
556199256775
550578146964
545203376648
563478627303
560522802867
561084635191
564676244745
552866678823
557167144158
537180194979
526542335827
559687626448
564478153448
38587063706
552763904396
564578949919
552863295357
565016643093
549162549576
547617924092
558521514470
544998584666
562671311757
545720779711
562575249414
557992512357
557519184033
538727362893
550490812152
558163217353
545689477875
564847165181
557283138481
552827749331
546272750356
564729639992
557590961968
559753651061
563224268904
562430084069
564591905792
564849361320
564946299171
551777644789
558593387468
560460617288
526585880382
560967934320
564783713034
564847965529
564649464378
564591837166
537520459778
559641629531
558298039579
557868738767
549167405348
527559073635
557237189788
561015642027
562574141655
551843017828
552843741701
564935147079
547742010723
560965986214
560946169071
528530137988
558284215725
564478901507
564665707128
527503827020
545408558105
548549348777
556274365511
564742711193
563467967662
558916024859
564920230173
565003903475
36912774808
543631175805
558216466330
559070091240
559687382118
44319598199
565368035269
564832742247
562130117401
549184230281
521732928803
560966286527
559682523435
558321976430
565101136161
564669732276
562573377629
560606461479
557711211324
557876894197
546706267544
564729679406
560184566167
550499140502
539320585389
562667295796
546700247895
558920136222
558380768382
538862316517
545130474129
550551209497
557794017655
562666771307
565017547839
564794597541
543621022624
558291337237
531166170002
560534903667
544890151894
545884355704
557604521045
560533731651
557743548853
560175661618
560465628866
565018339087
546204093983
560896081257
560623234421
529329752785
558218374305
562458716476
561015842868
557517240793
560865938339
559550080415
560394980327
560626362638
557900495067
560417685895
548551540327
565267815336
565419119376
564929196448
564858134127
546164148153
563338149380
544770898918
565224163453
562572917814
557285102958
557711571410
529287074884
548614182747
562129685461
559541440301
565133033003
549126432119
564928952488
528916593359
560480670032
565260093107
538775470721
559755683866
565219555849
562033231972
560546421149
564847217629
564913355067
562429164734
560611742458
558077668772
23362796945
41097217182
564713012271
565271910657
564873766456
565198225345
564745701989
564684675617
563844334609
549361778574
565087868494
564892827855
563898916692
564227240730
549222857021
565198825470
564872958856
564156379015
559270184953
565046256803
549859036989
564896166579
563897188332
565010624378
565166725036
564488925151
564570416023
565319279766
565241590534
558697341185
565088056407
563897724212
564153734654
564754763247
565054972528
564980627511
564892923788
564005689683
565007732834
565194738092
565161525068
565196998017
564744873003
564711244995
564030418771
564560626807
563926738882
564531681263
565319055337
565356603164
564874450378
549438676310
565119736366
565120580954
564630552856
562261176472
565396543019
565312538011
556839877280
564378544351
564713480618
565395515449
565089464121
564015411985
549380340608
564742337278
564646063662
564804929022
564895631172
564601494182
564780646978
559361729526
565312594110
565126396428
565315715035
564169076601
564151955157
565194230682
564824885257
564490593798
565164985620
564198478442
564874930408
564673890491
564833597673
564561754806
564337088082
564895794973
565351947773
565240258926
565271346257
564148611033
564556391523
562166345495
564709969079
564928275047
564646643161
564871478181
564301072785
565275342295
564615758387
565360051634
565119813922
565269426805
564720099493
563891318258
565238913568
565164525453
565202229304
563760496945
563716376265
565198270427
565052156481
561272056858
547463429947
564458972091
563927767221
565122864118
563843698163
564631668419
565239430011
565320935613
565010824339
564871818326
564069758349
564988811781
560321921570
559420002561
564416108690
564871970097
564957535134
565268774471
564391466204
564476103424
564384826581
564324057203
564151711652
565394175458
565322307369
565046888829
564948538742
549119612923
565321979593
565239894252
564603716081
564894683060
565272938444
564480386065
564803057190
564706233407
564380016079
560322121448
563962793830
565011752356
557254558839
565198481166
564604385682
563819733566
565158953941
565360447929
564980935412
564451181293
565161865041
565009056902
564410145107
565272346431
565323271018
564125888315
564671294001
563710188335
564241395558
560162204145
563822981595
565313234432
565046164387
565239469571
563963975176
564303746788
564604159327
565280611607
564017779657
558477638758
564599108009
565198066225
563872713048
563671272456
564254642947
564129941467
564470697352
562457933735
565396371542
564805501267
564452393163
564957407226
564874522058
564597568707
565315862359
565435767162
565432479399
565354690339
565351642370
565347514182
560450255285
564406146633
565352182696
565398311321
563987874710
565350842835
564601368019
565315642232
562067029977
564711020062
564254530802
564873838531
564874446997
563711128173
564896298882
564982003412
565273369379
564512082842
564814162881
564842674600
564154223923
565167056525
561227351513
557210417840
565277117386
563953005163
565273201581
564823029945
565275421271
564897110347
559361785495
564772097491
564474447726
564274505297
565167524214
563849238406
565241009156
565163908530
564824829007
564155731781
565271442151
565394871498
565165805211
565313679902
565128536433
565320839558
565360163178
565200225687
565237434684
561688735664
565356307253
565319859803
565356447907
563918793531
565270058119
565127220283
565354418164
565201593080
565434519640
565230110996
565237838140
565315782816
565399227732
565200745969
565165245364
562907696222
565086204881
564470823301
565159897659
564757951901
559361781451
565090044210
564068674322
564633488393
564827219141
549122924338
565082264368
565044828875
564106843504
565049720898
563977064918
564690732168
565054536199
564497708583
565124569242
565010312751
565089752396
565159729069
564622019274
564893079232
564847198189
560382950645
564150923346
564091521772
564545813037
564524933988
564949474393
564664092194
563928611589
564925615043
564644060563
564607977995
557205406540
564604674176
564867539433
565195050553
564383647798
564101836048
564664212508
564320009164
564823717058
564279190214
564130609731
564822153699
564865595867
564989015143
563960509522
563810780269
565200985686
556955772434
564686704853
564756293116
564568849738
565088340830
564595548103
564827077013
564101508218
549426981345
562634993300
564677416782
564472523058
565399603192
565309670053
565271682172
564643699338
564279066938
564282775484
564777034867
560383590119
564643931525
564842526476
564074042114
564676714573
557317928623
562259547648
562404588419
563152023526
564957495918
564765866026
558780671267
564278959077
563895096768
564981283995
564895131594
564272133896
564607229987
563897804570
549231055179
564515522582
564073854291
564416408333
557993750978
564527557917
564957771746
564459348837
560633617991
560693650688
558651271921
562695973258
564382572295
564210337016
549244612911
564422407951
562500886135
564798194610
562412001900
564382892856
564958067105
562308005759
563823148010
560894683029
565012420836
564336324888
563928199746
557803316349
565202129159
565318719487
565197029276
565314987068
553195043222
565350818550
565196462545
556954428070
565323323385
565235741727
556426216914
565120837438
565324075599
565278349172
565279043276
565273913030
565086808364
565127108977
556812396294
565350566763
565236025935
565239589948
565086684006
565275569524
565242165241
565359399804
565054440655
565397707111
565321747339
565281567099
565049176665
565125332764
565088132694
565160593479
565231466564
565123557840
563845776526
558656273152
564720664731
565199977701
565239442512
564897487161
565274114093
563974603427
565240125968
564564176917
565046396089
565349778607
565350858940
565434887201
565399083730
565433635338
564406394062
565276853286
565354198931
565276153801
565433027848
560848000143
565433351285
565350298103
565351402404
564864295827
562688659543
565276293258
565277557978
565278177241
565167204449
565165504547
565164620969
565433931720
565352834631
564393822696
562360073010
565030835634
564497928758
564563668342
562120381619
