558469230485
560662296515
558413617893
557181974532
560417940578
565369287150
565111874675
560381163689
559475888129
558651855176
560644127549
560510341896
551904339826
564991692202
565262903318
562860426343
557019160016
560512125737
523845690644
559360510699
560755513752
559364878216
557208259916
562282319059
565105701258
562143197937
565209829129
565366311719
565365987866
565365983665
560508493190
565177738082
565097876095
565194215805
558579997325
565282490743
562798845523
551899503659
559362874080
554723161885
564695478745
565096820471
560416456212
562862198425
545097080536
565366335555
560173457216
557358743157
562939387915
561057190049
559300753823
565193947944
557651281904
560754625914
562247954546
558330357249
560503733053
562286379146
558241180903
562994090509
560569706074
551833837825
565077281862
562711060375
560756749147
560409680498
558474498778
557135777977
558241388930
560417552595
559567001797
558523365766
562283455863
560755129518
559690651274
548488679127
557151610341
558383734728
565300289977
558467594269
558474386535
558444943641
560662840304
562211026438
558446480909
560641223233
558433040801
558526059806
565077821981
559426735836
558335896900
558530171815
558446103670
560958401531
558245032300
560413380322
544698409088
558475258131
559425463284
560237950013
544728079974
560572026812
559365142462
560509445444
540528126918
540737833764
539385208057
534750157661
534805682500
534739771284
538968126184
534967456144
42371985929
522642487039
538276752658
45134787087
531452773876
534596953532
535381913744
531480272556
538062426741
534632700384
540351108691
539154525073
536922525086
531388291902
540742446448
531276885454
525667518951
527736712848
528145015689
527709466798
527673200873
529488568935
556858907475
564680507391
557698818297
552906070652
552802460791
564626322423
564622771538
561714535352
555964775640
557670879178
557667611409
558330096394
561918205192
557099526317
563550849134
556130329956
550474269777
555977997622
559668718484
555901308915
554048001213
552868201507
564625263447
553422199739
556964276577
564514849895
553271780169
564596922221
564600786121
557172335808
560934244745
550525027080
557603834845
564419828192
564400896323
559670110628
551162258125
556090421380
557210862556
557658998833
559001889356
556051996238
556670392771
561231916267
555978097853
551936564128
564680447916
564098160897
558339678470
564525521700
564584398408
564474253951
553428443301
564663370331
549047452642
555964063781
561025912414
557023224035
560708437141
560706513654
560068966424
558423986973
557097454011
559881882528
549093213411
554034367387
552032606406
561756159074
562862419055
557202987607
555322654080
564597718303
563566427131
564681451543
559523004882
564527977950
558635202520
559754763820
559287147404
556088101039
558905800866
557012528142
558418142060
558525943426
557146754025
558410343983
560268041928
557673751713
551198195246
557804053076
562715485875
554134359143
564476845782
562860079230
558906476515
555963259403
558484338318
558532915964
551046389552
558295325295
561524940315
556185023742
559122303817
559133191728
561311908775
559735187040
557211542865
560614072609
556174270527
556978876933
557863491167
559052304973
558926036629
557668708756
561210987686
558411671426
554084542061
559119922119
555923241129
552874237832
562153956587
558332928315
552873481486
559916572327
556917159415
563140400887
563208069850
561674728818
559058674294
562611134226
556728676682
558204288971
563341217411
560561761726
559002277139
558341270376
556048420198
559063398992
557121437759
560620064307
551938340272
557566320141
556799482227
556019743334
559005421708
561170013236
561987726561
560055451904
560013872302
558425882361
561231804592
559684578998
557524004348
559109715276
556797037919
562540389335
563238952171
559685470127
563167629030
562674987135
559221312381
562428528580
558536431726
559109862459
542700067481
563580917819
37304039711
560684913654
563459992838
563730815274
560669183852
560539648165
560546485450
562449339131
559938184740
563458656346
563458776789
555114810662
563550589920
563480900141
562214128970
563563709135
563627770588
563562529912
560764135447
564899416507
562214324314
555708600024
554147116263
563582025699
563652022566
520544890764
521739580797
529260914853
560158235801
44231697601
551595684163
554194305683
562382894696
45233129118
560453928794
534185918245
560751270093
554300203392
563618546704
551715703619
562376082486
554562588509
562221461838
563649050598
520547253307
538840179301
521046888200
556699156223
548642781881
558369148585
562325279814
551598820654
529314952562
542947339007
554221849147
555115590676
552497864692
537265971850
559166711018
561582986804
538866979502
525030169881
550117927323
558957680607
558328133326
536149599223
523982909280
555865763730
550988298634
558958908543
554151704065
548594856564
534187830397
558502974265
537424736792
542906800380
562277770267
550063589177
549994549729
541126745013
560445536909
560508488317
44170343264
520545745730
548601904474
562315597667
527660571865
541127733423
558566707939
538917777508
527660799154
527733776942
531945998635
548073066226
555159931508
544835305898
555462134658
560613098384
523952707820
549046833481
558327345495
542700939769
560443944449
555708816475
521738964798
39936674106
557614910247
554254882558
538942934003
562452267048
538963613628
537383445807
549088414150
546480145669
522057187888
546781826982
560438956012
563649230994
562377614947
551696646762
561650431045
555405243404
555422561338
531994564702
555707916171
40903515124
560444804200
529296388006
539027604546
554132380699
562110772151
560531261678
520543975654
539028488121
537334182904
560445976932
560516444784
557562577291
562268287217
560746970542
539002404579
546479925292
537425700333
560684585564
42159799855
559797720625
537342038462
538844175254
549050005067
552642139067
555828626254
522081575097
41671920656
538966937896
540574769682
524013340426
562289558677
521736125384
522698752371
537267511064
558452461493
556825070093
537420704599
536215102686
538799723691
527661635136
552629123587
555863219084
552598598118
560444608066
557668923648
555882439416
555354822092
557562257512
549927935057
527660943533
520547409929
540574803071
534188154902
546463853654
544805936391
557560553049
540582606895
555075885765
555109754291
546506911327
542931713642
522698676371
562362967312
552582314106
548101359494
554473264727
560490196864
538845035521
541135082665
552551377336
548596768679
558343958083
548068042131
554150808462
559054537429
542931261851
546818891722
557669311767
561582461616
559056193943
550030064890
563460540183
555768757788
552641111129
548599064621
549017268992
555158747711
542930121224
541130416279
541147350750
546795554865
546505611097
541127731799
544230837786
546478921421
544245466266
538921262032
531995204784
546776949942
542907012666
546480805514
541137650477
541150083047
541129832144
541137114431
540583562147
531886895136
543669486589
541116773562
541131537874
544242566197
525016583366
549064105756
555832762132
523993572231
541123284110
555779689755
550013518041
45759697349
564730120624
551700578560
542947555162
521741638562
522695286177
529274449229
534123179571
551608800433
522694505100
44710618069
562219184193
546871094287
531973261989
556861498990
555865659384
554997544713
522158368151
557562757269
557214603784
560684177920
558449193766
546849305401
534217701202
556884979521
538999000909
537386761613
538858091132
45759769114
522698652586
538879150347
538924513349
559055893986
548597916044
559053745022
544863307118
525041158278
546367600010
562214060120
529299748621
555690028588
542946303474
556701500383
546758641972
541138233739
542930709227
560591940649
529263162645
550919194867
525008019590
555873971639
540571973682
39429094487
548692631268
555113134215
555316777960
556826970173
559165875191
562122692595
560548385343
548098919447
541112156344
559169051932
550011590648
540577551134
555003460500
523168810804
551670877827
551737975259
560060027719
521920254386
560867014313
539904953295
562365946498
563878930918
558640255894
545881074214
558641915035
562368034055
537375058883
563811945150
558837760777
554963993787
528143293443
562202956111
559841348532
559841312392
558437764247
533865402615
558437500275
557356504646
524282520740
562203776761
560800617249
552421669070
557357576510
562367018097
552359232990
557549867088
560866810960
557355588606
558641279115
560970896769
560705660778
558436412868
563959563066
558437712464
559991054963
554963905775
559991538475
559933529171
562440621815
557491634324
558577958155
538348594897
537686720884
557490466906
557489258799
560159025605
560255319084
536950526982
557356568769
562298869888
557548535041
539904458847
557443917311
545881426297
555052627939
557548083440
560934891329
560867818591
558927953280
560867190077
563879534407
545902699616
537415897043
563705224798
562441951156
557549423703
547146703320
541066958182
560060251375
560704728821
557357348755
542626564279
560866498550
549702650136
562184869352
557013953301
557548475035
562440567671
562300209360
562440083066
554889024709
560868106555
560854886267
556417010339
540780006180
540781538391
560867278976
555000962275
557491410348
560800489121
542552461607
561954948737
560800725422
552456998229
523930251062
540781303892
539905221113
558577258506
552421429510
545867697705
524771034642
552457318796
537375134670
562439403491
527928562349
563810225950
560706428790
533874840761
552421897254
554888720847
542570223985
545868121038
549330315594
560866258831
538338980349
549329991979
531082116669
560933887308
552358816612
557549387940
540260064507
556292616720
540775617554
539745989415
560866670465
540769056413
526006271283
562440965301
540407709820
542855523723
549330315861
537957368996
540167189483
521918285057
542953173794
544309958683
560933363465
557491086090
533795819768
556416578836
547068860971
526004227546
537957784693
533891501537
544275380952
542519173470
542816860590
556416678232
540260168163
557490730477
554964521480
535484819408
550654693344
533699212724
552355303118
538750356300
552316114976
532713096503
550718355834
565193477946
564593105113
564483688871
564752187697
564665158308
565082364533
564482468168
565106312289
564755123621
565114624324
564664726530
564663842115
565113296183
565376403424
564593457188
565350767416
565351115703
565210749077
565104732880
564663434376
564482608121
565193013449
564593921567
565266822479
564747831227
564662018025
565383239917
563829815118
564326943516
564171913274
564173853835
563817187047
564073120651
564071876382
564241690253
564172281889
563936819476
563568272930
563731414682
563677745864
563664681149
564180667858
564708459447
564559741641
563825015135
564069408077
564328843893
564063232879
564240734526
564248842144
563568768912
564010710520
564630070145
564182469387
563560180002
563223335185
563037089026
563693094431
563081093577
562734758736
562960560335
563772447117
563077301188
563691974051
563626965236
562669077788
562723943195
563216327955
562958868818
563013130229
562934780058
562569728299
562581573327
563639261254
563218175241
563203375964
563035181958
563037661082
563083169739
563637781550
562974276631
562144585896
562622487691
562335676120
561871153461
562045988439
561871353990
562551062666
561953258287
562012363919
561771552692
561780900383
561953870462
562483316995
561781272317
562388068789
561771276770
561874249866
562435513953
562441520711
562574543705
562336648496
562508330997
562006267268
562648518395
561866509674
561866733665
561866353518
561380095760
561335015900
560357383694
560812696730
561956423423
561933778463
561398191812
561287855855
561336922366
561934926180
562000691625
561151040925
561154297666
561380771860
561316038444
561059036377
561935426575
562002303176
560567744093
561383067544
561288263009
561936202717
561770700414
561246617832
561221206182
561059816117
561267618092
558693746549
558951660314
558693363240
559768496270
558751766952
558694359973
558609260623
559162107376
559769588204
560356707925
558693454491
560357263458
558574809522
560356839452
557395721308
558752550259
558751802385
558576665919
559787672489
559017767109
559987255380
558478985800
558752322212
560229249508
558608708347
559774036962
559858641686
555427458367
556267880680
556439273727
556392122247
556345277078
556496524557
556359528665
556347877465
556432492192
556268936917
555481363107
556438913086
555990276754
555304352697
554641766837
554606221776
556392506061
556347625225
555425620116
555992228235
556347349165
556270924802
557154346881
556553215449
554690971586
555482431797
557112069222
549925833365
551880654041
550997446112
551076664990
550992554471
552311235737
552296951109
554545021930
552032538718
551850285789
552141140401
552970973120
550994134869
554630339545
553555408943
554542041459
552797540190
551940460938
554580554341
552301611872
551168102352
550968385156
551140213921
553911505153
553190723927
549506874333
551880834615
548489287552
545085874522
549430836578
548481159197
545113613112
543643883773
546065762724
543512292267
