561152337327
557142611033
562034330568
557507068210
559374142896
562048033638
557510728018
557102438243
557303446703
561958200585
559418016520
561589096267
544960482296
558926808610
559257128706
563361435672
563369650498
558257227054
562103051615
556635180465
563395931404
557700611583
559313597556
555433236465
562034478236
562648606920
557112145699
559136519524
560569144147
560372556483
557116407223
556272768449
563280176950
563830323798
557701959975
561454397350
562490967077
560923375851
560427201079
563847933315
561538813640
560669420352
561988479055
562633691722
561747122087
557848157361
561154673319
560529326904
561961901710
558570079527
557396126142
561962093991
560668532531
558367468582
557854191430
561951160737
562108941755
560716425483
563681893184
562115450716
560595291586
559831236059
560959733932
556006090268
558507034958
560426837586
560960997416
561148223797
558570023555
559315561598
561667436502
555752559769
563018113985
560483834282
562885246255
560568224415
563751188392
561093899643
561010258977
561406229416
559048546735
557709028884
558506458867
559830024793
557643338549
557618426395
557908359601
559274752069
548220251160
558367244634
560921003105
560104061384
547372916561
557906181290
557164967545
556997727514
556623946700
562490127420
557340059082
557713558252
560076521005
560490222786
562387941901
560104379751
562701757325
561863416999
557642798195
560465021783
561792871866
562644941326
563583781662
563473438895
562827574653
563730355990
562757587246
561210641449
563861618981
561653317951
563428175638
563660249472
562898075856
561406847588
561358172889
562710771824
563285781307
562899747778
562931741251
562757963921
562483225425
561502723865
562719933561
562975741247
562976013052
563285090208
556201371367
562655159116
562225255886
562751410272
562112250933
562618017176
561336838517
563228153862
562544700722
562519137623
562666666554
562833731068
561170426820
563806763205
562389684616
561739202459
562961191080
562751898178
562960755320
562515621168
562197767903
561118225156
40368417842
563446465935
547252807796
560873252262
562643603707
538831155306
562187939884
555562284314
560648112040
536561339570
559211572973
562144681751
560096135321
563786078471
560013218076
561141625640
564045525619
563658479972
41195453500
555794567187
542683236245
562358888930
562376470711
556955382226
561223799622
540870734410
563513233390
564183119635
545416282652
564518793972
540048704136
562384609562
559105538300
560077094953
562337805990
561149022359
562644419146
562110914584
563702984085
559779723829
562183459516
557637712006
542527023105
557201930999
563512221227
561199318040
559277991275
559210622665
560925933339
539525081032
560793043174
559699058743
562504733048
560722516863
562185503890
560567700315
540114078943
559815093694
523901398219
561226723756
556393873732
563613560550
538113866949
556952922705
562660566030
559287806808
526985052246
562735599574
560818697372
560652349069
540115217507
537001069300
555418988749
563936728873
559915744378
561945072311
562314989961
561044071809
555727199517
562504913612
562595463765
562503997959
561112118700
560450044296
564333454130
561275415655
562531553503
559299014541
555420944207
558314048544
556304816620
540083327296
562645155549
555602027251
556315560302
560506080413
538114498515
560958009972
559939544438
560997868328
540049604998
556158704894
559733147623
562942408483
563342468142
524045035031
538157241226
562406320508
560562664678
561285954540
562724015135
562110184687
558965092502
547013626301
539524595334
561092013024
560886378454
541769659518
560263444693
559195634674
564197883935
559313590648
557351567960
540871907302
563512905558
562450184411
562072418824
562001913446
542719739504
562444632090
563786674701
560952415168
562070358560
556914673581
561220985270
560887708702
559627501586
562285924215
561198794731
521227296870
540855928984
562442964316
542742720753
557545733426
562540373060
562540013931
563514173180
562574162594
562460609292
563659387962
560950812687
546766766055
563355945414
540052884221
562388233589
560461140206
544311660174
564115150180
560165817517
559644793754
561138431214
562388173671
563939720713
557466496737
558441294456
561089373440
537000130970
555511333520
557121992828
563579586768
562314770918
564473816862
559227761384
559673125581
540863054445
564653654387
561324343640
564543910628
542924775660
562528854868
526986292103
563477692683
560095978357
562456983059
562408100887
559823244467
559912748263
564590437441
562116256022
562935992162
557897663320
562149153349
540114761802
557348016955
562938512505
558266566769
561183365136
541587149784
562304560848
539556480870
542719975220
540864413820
556817836949
523845899413
562424995321
538808903481
557011495521
560726880417
558027548655
524462768334
536216115198
563105718788
556141756006
562343726307
521125931724
561180143194
545415892515
561093313213
557388487763
557403995808
558117677883
562501317717
561161586305
558128081802
558454958033
561303839408
559556936017
560985556863
559213582733
556894257452
559924900899
561046021158
559128340387
559757839171
556597867661
557160000289
561060099093
562444252251
557845938162
562932700060
542667047411
542704840879
538885806455
539548304330
538202932822
538040587777
542632260962
539022441253
543607121472
542629620451
542868687279
542821730986
541317475191
538911198144
542822006262
540052268230
537076224389
537006583992
538834371065
538958573551
538957341127
541313606239
542658678656
541254963899
523053233135
536669343445
521136950358
537004590176
522790772149
535789365512
526925083469
536669603126
561060163472
44187205184
522763153437
522012242995
535682895406
520831660215
558417290031
524478369751
521224817211
523833349721
560052349147
523196403125
522912253220
521767145689
523107094806
524986798638
558393959509
563934096619
560804506506
562406992825
557464696227
527669633023
540112472479
540871319049
562408716042
559958365461
562317734970
561300815741
561161434505
561088193644
561902532821
556181109776
561039647295
538156214900
540872111540
564194579441
557629969448
559695514971
41427058410
545678175082
546686538154
542283165191
540864409273
536931887520
536998349932
556484550729
561156646263
557663255476
542720367002
562380055511
557387747023
560977178605
538115630132
561214267711
558243539147
538957249245
560062738078
561093269428
557495090088
561308439272
542732018094
542974479669
542659146057
552912885195
552289123597
553484121009
552746734214
41989134169
563017150309
524982525800
562952745299
559220545353
536745903836
2660804623
562952693566
554664764010
2681145321
561339270523
561235426329
550577952229
561394195211
563094919368
18985767759
563094227642
563016290950
544523944837
563094927108
554828915786
563016094994
41969803619
536856034584
18004976515
562952593687
562655085944
562850144865
562850188171
562660365145
562952677497
562850192401
562725258883
562850192466
562849452869
562560288908
561868637549
42854603134
533232629362
545599002590
558299771523
563779576124
14258864509
542676599422
561937230094
541507896394
560361442139
8976961291
526958820905
561740658205
563594131981
561340727573
558592594706
558819580441
43246398815
544418118605
557790613965
560438893746
564356467348
561127374096
544367107528
559264802469
21510616914
561765328568
20600388048
561741490170
561186662097
558657959917
536441099559
542007040320
529344473376
17720723006
44366645667
42922518507
561223888963
534725138635
42873750727
42903341878
562006587961
44808492706
10369099463
535821461363
544474594070
561068036889
522616083446
554004639786
563091262756
549918971417
544104000682
542439160753
534745176682
560519035443
564246593111
44275923156
564437252204
560952329086
43648477921
521238181729
18877884619
15580663262
562917115153
43521103816
525801508643
560219940489
39473845329
558436353202
548460224064
559792362974
559458410856
553835535888
562995665195
546886458770
524058902185
562836704121
553260124777
562476176636
547008413576
553246000472
562680654602
549641866339
562241667898
41384517725
559465572462
548096266107
561866557976
564892705380
550095426300
563087942766
554505861009
564655372404
553257111427
549165941894
542529758271
528961161385
525488037027
522180931411
540343425514
527398527896
528945151143
543081087391
529036482178
529274795344
521194941891
535805439857
540318916955
535963017554
541924275209
525326429999
527994819624
524476185295
542995846855
524870780026
536184769844
45358977741
520698548222
520430807127
43132139963
562947035809
565021047606
23532768258
543278514723
542007196236
553213790743
43709917444
523759971266
13660899613
549985777274
18759564578
16807809820
543102157648
16794618199
17187695059
542992777311
44387656258
543077615528
16528732681
564275782769
542382713935
553462129484
26707176069
553122265191
559529143428
562298750227
536313403788
553477767528
536483963455
559522843546
550183654174
539906210502
559525195414
553685076084
553932040144
553179361901
553187061106
550387798792
553187276010
562318639505
558628442410
554511548631
561113564418
564502270408
546661845285
559400893514
559646981067
533279496763
16440919814
523225979523
534440842069
562050735429
528580304001
562836450483
529131244376
561864361571
529108981105
536072606919
529515751769
535747279682
536037967946
528600764437
561082014292
44647265220
528867020977
520776097856
558348524935
560878584130
525155133460
535831006290
523919622546
43387878007
564953802504
564963254026
19161365640
13234711131
538303101128
553119372613
547009285743
538960198102
563224543357
523376672384
551777000775
561012576896
529613212097
40480168148
561671651540
542640576524
561811112843
520744351329
563530220182
549746280533
552941034991
557345432623
558954523031
36770909214
561015313398
543485065101
563692907317
552417610426
554902449389
553538732817
565023148140
542675535504
565300183502
555746329349
559595807866
558536414639
545899055315
544746508932
562189788031
557975502925
564903188639
559679345662
551029859504
550402757577
561428428988
562803811715
563545581799
565373831844
563191630788
545032829455
564008678359
564590259003
564269583547
559804327218
562974180450
564195124201
553972366862
560366780042
564086175511
558380356062
563593687115
558886738562
555740777152
557797795721
561944204463
564051376321
554370403294
563588378996
563349826070
563676917548
563984633077
557632474438
563132611592
534677787802
561958911163
563627833438
549177398940
560119949648
562759375437
562880748949
557706955702
560751757858
561119069684
561891578757
561257917094
561460938950
558240405223
559064578579
559209660948
561789926156
559566173306
560239191398
558230276221
561388279206
558000320037
561794855774
559379103959
559504004311
557888043298
560670542228
558043716482
558029352637
560928980385
559326539723
553775387319
556597904218
554871497193
550975521883
549466835096
552300340953
554693928513
553425690167
557009508210
552860859618
556558018847
555988314456
549615437732
553611240926
557500680396
556262899568
555423303695
555947593862
552698457458
555243768970
553551192886
553147106764
557350780398
552182442037
542680023588
36278145697
564449795409
538304132802
548707258571
544035609041
538825741446
543617753092
542848450374
554857383248
553289194328
523336182771
544776889731
543439286572
540267352207
545485491998
546020132476
540403115449
563567484815
546504351341
548682576346
543786810336
547101654378
541483610902
557698677814
561950696212
556940226902
541056108832
564694866924
557181482067
563299813003
565150646319
558585018381
565076505482
559427527982
563442919800
565032221799
565171750784
563291649017
564776923968
559306753895
565233655075
562711176381
563442575455
560381235095
565033609475
565114186021
565106302933
564516536708
564624917645
562953615040
558582774783
564986664366
565036621989
565176930236
565196779926
559209220641
565259491105
564922472079
564990228284
564779067648
564779887030
564964548764
562861998887
564697350243
562695932245
564696854170
565194127518
564626129865
562284711533
565078297358
562217614633
565190415059
564778827182
558443988718
564990792565
564923052677
564991176257
563438216274
565037729921
557083582712
563686155443
565177118117
564925528289
560642807554
564965596147
565178550953
564981584784
564965140608
558650559055
556358932020
562952675887
564993072768
560415088078
565259703102
562288639337
560415460136
564616828253
557182514105
562697688181
558644879464
560636683658
560666168760
524826118956
560643867206
565077305371
559429683445
565037225138
562705424950
558645383737
563477119419
565036149876
565111502523
562875486129
565078525817
565107542508
558450499363
565177722973
558651035156
560412888394
560575950429
565104289555
560642999077
565194459321
559212924960
558661336889
564777895652
559212604142
565102945444
548441157533
565178906696
565104881149
560644023463
564992980539
553695081928
564364160993
565151634068
560661300382
559555573709
560418800493
562477127065
565103901957
565235895019
564992076878
560660204216
560512509134
562952751840
565234031304
