1784537661
1717175282
1916401801
1720664360
1749783560
1768511567
1720133422
1721310391
1614747181
1813378072
1838886692
1746841372
1726735172
1737224242
1943171370
1997963914
1810037440
2476945794
1572369487
3739240881
1873473232
1840703787
1900296053
1795859045
5671651744
5790553550
1850566134
1629461787
1772576793
1742725923
1730504237
1640092243
1888244903
1769424334
1900029290
1729924375
2219082024
1720445491
1821328614
2053707917
1285377242
1718817591
1968713430
1643254564
5623515861
2851177277
1827674307
1930234945
1954495521
1795262954
2360678242
2408383437
1723256357
1878549060
2389427437
1952328263
1812339720
3472825940
1777157311
5264351778
1219392692
2268896515
2283581301
1974159397
1884018772
6073262581
1842131242
1794066293
3256309963
1908126610
2861016980
5335686266
1992368063
1611695857
5889054625
1975876394
1747321001
2568621570
1945621792
2248836484
5897925551
1857302270
1731971324
1878079571
1857404914
6027079313
1007611475
2142962291
3201516437
2052148351
1774599991
1731369363
1590576223
5710511921
6048031187
5454731030
1903297687
1762222531
2026494105
2013775722
1596785370
2404941452
1658887837
1800517164
5432023507
1752249925
1761582502
5665868667
1595835072
5694996606
5165239153
3307472551
5098128802
1944489911
5837541771
1907176674
1618299395
1773466874
1744101414
2011212231
1661054143
5401563318
5731337042
1904071474
1498514361
2267482817
6185185631
1802434564
1735703467
1667622953
6308233598
1751919064
2746233713
2166022150
1801968927
1721816531
1734331371
1730119924
2646934812
1229460962
1964196145
2101778954
5134765561
1195719107
5634091035
1998462453
1736104910
1828740042
1752174247
2806396700
2831415934
5347862614
5127487333
6021721474
2343178055
2487406602
1771525894
1798667560
6008405581
1813546880
1673977470
1697086380
5394946649
5621470325
3172965360
5671592194
1824832540
2439020072
2361266924
2830813240
1831204437
1570748683
5745923428
1750901010
1626387640
1736864567
1686667072
1728538735
1619320430
2069839630
3916475538
1889621574
2491191013
2128441243
1827153825
1796317755
1885727310
1858252300
3341952920
2612771401
1867074905
1729589540
3982416879
2240435757
6258656158
6041515048
5528482427
5682711606
2295125273
1464330652
6294520601
2169584291
1705558344
1730023270
1032050532
2074562223
2787754860
1734634901
1913216364
1760065515
1806977465
1773856322
5886290115
1695093557
6331104325
2735952334
5631670472
2019146793
5798174849
2832337604
2706811985
3477575125
1621094047
5664086155
5718017960
3312957563
1775413811
1785928212
3985532725
1743178237
6077511645
1739930707
1788010185
2860214174
2135658485
6254832394
1579388463
1992305213
2840382791
2122810951
6077850643
3648988652
6111168574
1591975020
1980625245
2863793965
1206682422
3119781600
2184604087
1745670401
6382674017
1833220804
1947109600
1291511553
6279206404
1733699577
1775455583
1858359472
1794407832
3557155505
1225810222
2113149644
5577928306
1029391764
1778465295
2491190643
2655402510
2593539944
1865749974
2958854523
1753033085
1790724541
3888933397
1861849872
5140433254
1865455543
1967251497
1908162201
1298806871
1713641381
2527191517
1731594807
3090650787
2922127313
1646343527
2093761877
1665141164
1882015767
1907776394
5428438850
2743411971
3224782420
2257583727
2415429732
1250859162
2092361184
6187645811
1771898584
6310894910
1240692791
3059206155
1791653311
1836647043
1745960114
1349776711
1242386113
1465163522
1843984863
6041277044
2814107384
3901397885
5737136352
3182179917
2043243101
1771955257
1812416507
1358722730
1849908895
3169442347
2000860331
2955088385
1267993104
1809605207
3976515278
2009428505
1247988642
1710998887
2477663690
5721307628
1582932983
1851109942
5945883355
6315117771
2812437881
1713266343
1751883517
5613225441
1883678785
1844333070
3480944101
5649372370
1818178000
1829594592
5815719079
5850521272
5564367959
5909208685
2811974514
2414639715
2347140495
1778455267
1747685520
1110200194
2290199730
1748090980
2480117017
2682173353
2737661201
2114696777
1623291405
1756625001
5660249301
1872121064
1656689903
2607530985
1637614887
5300295055
1689923773
2488665927
1667135765
5457437695
2126911293
2036142693
1905472191
1275909057
5147866654
2163231564
1375602665
5647445049
1783013917
1843043781
1885359552
2871654207
6241736354
5107330609
1864221410
1659043100
1773047207
1751348300
1881595015
5753976167
5811161545
5662733091
1649563083
2671013891
1772946651
2101098635
6239658377
1703789345
1464733815
1732910947
1772742182
1850549465
1695887512
6358297763
3966778566
1728222687
1714188094
1915684763
1743930203
5874342025
1826958700
1749773271
1431527782
1745354655
1988895074
2915129003
5346176564
1662520855
2298834687
5834501581
1595885827
1838295800
1829082541
5016340480
2042025821
6214927768
2665151780
1766146480
3296654751
1728241290
6089768401
2139934774
1849458951
1878472475
5996977767
1726659893
3331443272
2453284900
5079116084
5930439611
5030667470
6078343650
2048808374
1634685603
5945903892
5339852907
1730565097
6141959779
5986862228
2729296602
5680393572
1763156804
2149277267
1735693350
2127506153
1841545651
1950766694
1762210724
2427050542
5935506329
5902320486
1803471751
1281758321
2885416152
1624232492
1853896395
6241739304
5594357647
2176348804
1502447985
1003854091
5531983033
1864780020
3172762874
2514349142
1410800300
2173892752
1677866540
1840660701
1924231390
1750732220
5785192423
1759262333
1834922314
1966237157
1837261800
1745933991
5951786904
2940578175
5772868661
1824948874
5677741147
3199116450
3238387602
3172138743
1903554914
2497032252
1350429152
5035548895
5659535200
3782849570
1242881957
2891142153
2873946850
1768523745
5090082383
3318612830
1882184555
3214141922
1865212662
1378099444
1747730454
5634036201
1806039427
1812038843
2138464511
2676163884
3861531997
5910505896
1911513514
1629616337
1736944544
2176060572
6022226653
2294173127
6298545156
2785628030
6219613162
2132203913
5068244784
1655746811
2127475663
1794662915
5538136244
3827258260
2286008562
1689745452
5778882886
2160193207
6079931372
5453659867
3212642734
5974026853
1745175824
6012800754
2104050614
3842839775
3316638341
2306704642
5948232371
1948600152
2206214555
1920369643
1847316170
1732079192
1746540901
1887538761
1819816100
2701231091
1736345572
2949363425
1762982540
1710441562
1815378401
3023144242
1685494474
3738761242
2429401812
5645873363
2047554891
1833703985
1740640417
3464916154
5744319691
1769709441
1786003232
1855774621
1771589190
2034075877
1768661112
1864633617
1785680211
1785374242
3948127877
5568283644
5699429342
2638628025
6405516796
6077592092
5564231234
1786807863
3263522024
2920976967
5628506634
1998486023
5776591886
2823958980
2318678922
2820286984
2527685961
6299382602
6083171353
1878534155
6357309083
5958361116
2740737130
1654063797
2294901232
3200843845
5682157037
2400379835
6221735031
3866602892
2605671917
5123157846
2322016535
1916516865
5640159051
2330199834
1799838961
1874315411
3768532747
1885523092
5452167107
2914653495
1950687365
1786711633
2726645311
6144469328
5586943521
1900105717
5234959038
5778825691
3129953411
5848857757
2255366432
1781701762
3185294550
1664098215
2415441367
1874021371
1291273854
3214217471
1669487460
3909353853
5636109127
5606955617
2460601441
5170597567
1794095874
5756499554
6104823246
2372705313
2656322142
1753036735
3486563804
2560606540
2632923907
1844469394
5719114540
1792419545
2648492762
1915732112
1874891451
3216214363
2341385382
2127513080
5797782085
2428506395
2127957817
3198118202
5699977729
5522229496
5978985131
2240772414
1738449567
1771454835
1768656810
5876939734
2419404557
1731834297
1725505862
1525860093
1093206562
2767434391
3074855325
1956183892
1828168563
1823401124
5693869034
1816772761
1806370394
2549234107
2200765674
1659958851
3212312880
1876514081
2501235785
3817219950
3352379564
1925442183
3110954607
2815047613
6444549316
2865525740
5756906754
5334849273
3492924434
6263616663
6357294688
6090848881
5608334228
3501709767
5378586667
5995697661
3193110902
5664771316
5060737614
6028325469
6067095931
5651910486
6033614600
5995248244
6266796488
1027947395
6111669058
5993418779
2697168325
5974790142
5643303026
3553104095
5050278192
5389080902
3246642772
5878705948
5062326784
1731052574
5948815031
5933227635
1733059930
5620214743
1731203485
5679600550
2281632543
5377644643
6371304601
6382960300
5662208165
2427281824
2047409333
3841361909
1939290743
5729663265
1843532281
6178893049
1039473305
6089494331
6243133368
5579914138
5176862494
5707963447
6182776707
6076388160
6009281915
6008795502
6414962240
6410619444
3915943447
5985236447
3878104030
5948610757
6069338925
6088287040
1798826793
1630977163
5566721875
1918486295
6355841150
2730689772
1960183971
5283112528
5682511914
6343499494
3320816881
5879078838
2933882590
3122493884
5857679403
5594095275
5280390642
6374311974
6376676176
5253346222
5953234846
5725619684
6097109178
2013767064
6144332957
5931828897
5902461775
6098797695
5857533018
6116453884
6191286910
6054150201
6008202044
1896497450
6177521166
6426369105
6099764915
6408676923
6195751343
6179759314
6165940907
6130694647
6028245446
5636418714
5456429441
6233845382
5660459148
6146034893
5936353807
6399857335
3983649586
1931755017
1727987701
1697313320
5789712693
1410717760
2682510613
2004011597
1264158637
1304254192
1661649494
1797944290
1742993937
1763285030
1787790247
1741872212
1781692802
1850718101
2081846663
5241386347
1718678404
1703004930
3807775127
3480657912
1427733180
1636364205
2160418621
1853089892
1719381623
1778543831
5661358059
1885896860
1573055911
1750409464
1856223227
1217449535
5451487764
1666675212
1747538621
1738176184
1648597252
1846383450
1855734537
1306458854
1763213732
1900933107
1806624490
1746193510
1526262903
1772197852
5780889239
5756506096
1282814657
3079413897
1815941720
1811459981
1716197211
1737318232
5514951741
1803712512
1646433085
1887661133
1769259597
2176386293
1879870950
3479101875
1878244725
2485670957
1736842401
5140035509
1992819365
1197635397
1419225643
1708510321
1630355793
2629771390
2394019814
1290404267
1795509335
1739545810
1931911830
3180911207
1738383877
5787520494
3625247412
2425794793
1933336563
1655102731
2910838594
1072095640
1826336884
2010119263
1116144097
2107917151
2251271122
2932650783
1832016817
2133793267
1893955041
2906483634
1769639800
1715939562
1604515570
2206721012
3192207783
1957162227
2605868830
1954181265
2098132614
3097739093
1888723513
5523478904
2322997400
5830704277
5648941365
5626402996
5575482518
2240907883
1809092394
2268895512
1781545661
5408779995
2044551651
1439354684
1756647955
1819547881
1723483053
5822113892
2640279192
1629287872
2253371342
5867481157
3173593710
3205868491
1989654243
2182654340
1925951381
6023433862
5379336988
2246574710
3254988170
3276351675
1999637481
1792166477
6064181304
5905059947
2826502020
1760380142
2118040493
6013352180
5717893937
2004798383
1851013093
6085611921
6174600715
5131673423
3097691647
2813269950
5700895793
6170269647
5936742826
5876351127
5974997924
6370954416
1478597092
1305358551
5264007559
5129179713
3708709324
5547066786
5836582580
5982114956
5249115446
6034357413
6419431524
3687125762
6089722755
6303617183
6029012669
2150885120
5041072900
5993497323
1822144861
3187960282
1743436691
3816433513
3207735071
5931257048
5714919095
1291413722
3854083781
5861377793
2183276035
6382880504
3779903467
3205663771
2322678061
5499958343
3808172670
5951156213
6190866730
6263357346
6371459983
6342246722
5873626290
5667372957
5944476103
6198156355
6140497121
5864822069
5822919835
6200639276
5725945958
6416457504
6391440629
6342338906
5566287511
5212425140
6397420780
6251995017
6135811372
6442576000
6427762100
5945527859
6362112547
2179292874
5795314169
1076466332
2170778144
3516999505
3944326445
5837549311
3494665311
5676154087
2206720813
2404634414
5451593643
5056188402
5501044926
5874447465
6388216211
2082763371
3832011242
1957262464
2913406847
1843877624
5459369975
2568179701
5116164283
1696412561
3147438851
2954334290
5632621718
5254767095
2682670072
2284052417
3969361858
1956320960
2912975093
5279886969
1890439111
2598727532
2337182177
2949050804
2364989595
3927873074
5614084461
5185143336
3301320530
2126082594
5512174065
1788865475
2423704330
6275450189
5571272886
5690713670
5664966559
6377569148
3613179945
5701922702
6105440271
5855908478
6447342704
5282235522
5902813121
2468547423
5597613629
3880473634
5733285328
3561151461
3342989682
5367264020
3043725035
6097841202
5766435765
2892389925
2097318845
1893864773
5975229853
3286678491
3535517312
3894780107
5039455183
2213771210
3288824404
2693670355
3518043571
3311687843
3039547044
2289341372
1765279510
3559102695
3470697364
2478876941
2883007322
3117087541
2761857205
5032489205
5494460757
5944076292
5646727502
2966183672
2691043762
5866255472
5605124292
6195109084
5054991881
5078307381
6020246127
5558047508
5691638153
2469942042
5955101241
6179265117
5958231012
5891489352
5520820878
2868040060
5897730552
5898389700
5390823310
5181132150
5997533105
5943404551
5945542127
6238652844
6215783210
5941441331
5927836448
5373266659
5183675629
1292311412
1740167501
5776787996
3122434754
2035748224
1731762460
2060123212
2289484352
1646725361
1944631081
1930300181
2105235457
2098230277
1865918455
1802447685
5580762933
1949060865
2152441465
2759548695
1908775234
2058584194
2169022887
2950858440
1951633784
5604181093
2363494352
1770918347
1769524031
1897116672
3911113758
3373071674
2595895767
3231475281
1728470914
1628985770
1810311391
1867417407
1298537640
2454400721
1989075261
3313151775
1570565103
1791608264
2455338645
2466401662
1785916912
1350180353
2236337552
2271441790
1818767847
1774585052
5461567520
1885972025
2833432210
2762960325
3225420043
2264971760
1695692035
1747300565
1805009330
1757972997
1800326274
1830527910
1742693175
5379091185
2566142075
1737821372
1918203020
2724416053
1526234953
1866231260
1729675585
2008714093
1805117390
1964147567
2864560754
1750412851
2045908335
1722261992
1702926090
2847880550
5462376937
1768670945
2979751353
1869860035
2393196333
1852837353
1590561313
1939094347
2033265462
1877506057
1502949153
2211682325
2421131127
1804185493
1938486417
3242214425
2054849704
2629043901
1768647274
1800411364
3876584583
1764297051
1501487333
2034553732
1762542013
5884104649
1783178015
5642436042
1634686765
2543821550
2390504767
1979867085
1912297853
3957761613
1606781262
2078347042
1859992394
2260667547
2216131914
1933970387
2010974047
6072174046
1945042142
1832892173
1987029403
1745973734
1239435723
3237946252
1778162957
2110209037
2137028717
1846790602
6413105152
3756197872
1952066722
5616974636
3977984629
2496637085
6098307984
2137370155
2808001447
2171445637
5523078062
5089645247
5632017804
6250883870
1747956881
1777153017
1789160050
1739766734
2135051133
1778975571
5795371869
6261473454
5973549696
5109961584
1748435465
1742087853
5564773191
2171025982
1863713102
2724807264
1592119665
2812479924
1892259957
1398672941
1807774710
1770309110
5733457912
2403402701
1955233040
1768523781
1780152560
2779061802
1674494111
1285584903
2005609840
1951681543
1894063697
2834647681
1929181483
2278284400
2879358773
2702826722
2718453173
3277249071
5695754959
3194030741
6348403667
5604170465
3904160240
1749122952
2504582363
2259960784
3283917101
1840221672
5949507982
2108789657
5492159283
2023573255
2182880022
3478982422
2514632621
2150622021
2034798217
2242705933
1848742973
2546354634
2148492922
1761302144
1782522165
1784059117
1769281092
1829215957
1732707803
2342867475
1848814163
2134163303
2647316882
5614965493
85860806
2151430083
3286045831
2709755810
1752941530
2070601564
3205186865
2393512622
1849893010
6300136282
5125607397
5584894519
2149947734
2482525995
6213641261
5995422770
2703743952
5460916947
2019607695
5919775268
3242837184
2533488987
1848585643
5402935403
5769997196
1948325411
6302340915
5041467223
5449483921
2281106933
1943372505
3201737082
5897603536
5915312994
5573691373
3496148331
2090629981
1874921232
1791004897
6050532776
2390400400
3275822465
1864942174
5938435609
5203140817
1607946374
5644091017
2035173951
5717006698
2630340323
2241081104
1768103402
1826764855
3383400064
1881158784
1786880781
2139024565
1752831114
1887949625
3248750320
1773142362
1724162412
1048289997
3699360923
2478938151
2232445271
2128814737
5385071914
1073082990
5039801831
2349374517
1012255720
5992645410
3276298944
3265576154
2242708164
5863398612
5677718917
5604549710
5367168780
2767494934
1789144210
3056807844
1907134021
2702923800
6106841129
5875883674
3258922257
2357324955
1941104534
5545468793
5872296070
3962100044
5820288548
5586883833
5299410914
3120447932
1734658035
5498026799
3275229825
2694603593
2126238081
5140498526
2875087444
6342343793
5209523778
3384525920
3607741052
5887668544
2695848104
2918357367
6280664890
5896063024
5766363195
6456743701
6055646519
5644384826
3701831760
6332028894
5082242658
5819579974
6058195376
5930453226
5563979605
3285908224
2171764331
6326978686
6385290551
2949733024
6338147996
5657206738
5941357586
6065482522
5721144141
2290174027
6410572107
6402540680
6301182303
5708378852
5685395348
6347049837
6070117844
5174114050
2911536705
1914182695
6323881148
5577408702
6065141648
5978736771
5682290525
6412251862
6351072294
6235499700
6050318335
1809744287
6290116658
5992829884
5841892052
2746298890
1842094362
2414331584
2058044891
1768384532
2837991212
3212422073
1883467220
6012003469
1678964381
1775838197
2242869171
3902579813
1854115343
2966160433
1723081283
1910185915
2805588152
2477123177
1736501547
2745458941
5491532966
6001902816
1875588704
1751982087
6198372070
1789630505
1811566023
1776536023
1798663642
6089156385
2038045972
3275853471
5872032105
3820521721
2388731571
1896697483
3485503045
2142975430
2103756523
1781189823
5582471297
1338176781
2730880983
1440165595
2790479595
1747417954
1625818252
2775370251
2262311350
1852302930
1903037262
2236851987
1933387904
2070818841
3850225958
1951624473
2120490911
2073013342
5880565452
1752601655
5377327609
5893937344
1112891722
5547988535
3630826155
1933946531
1944304311
5362687131
1845106061
2875223204
1389210985
2313286842
2486559412
5834071016
2860110834
6215607084
6187249589
1801905994
1579576767
2443259925
1810297861
1307039433
2248056377
2355188100
1773714801
2292749185
1947023933
2213409791
1959708805
2087485075
2935250142
2798336391
2298344727
3833008797
1828702731
2386733274
1788299240
2615206542
2250781120
1946740342
2042707220
1981488713
2096426814
3916239376
3336724602
1625867104
1751852713
1875704163
1394730151
2548726647
3863044605
2667750293
2392772644
2319800295
2270220653
5578989705
2355671772
1994178141
3170032007
1850150132
2367548923
1848859067
2755428167
2117295562
1746338952
1940767100
1851515897
1967387271
1818719652
1978328633
1920224487
1931711665
2577350445
1869277073
2320633587
3051301077
3203127765
2880187973
1629694252
1851939610
2303549037
1724895942
1974527080
1786230783
1882691347
2822095304
1874260062
1756304105
1700741943
1750853807
2882519890
5197782722
3165672777
5702770591
2315904555
2928156457
5942993058
1767920695
2216784123
2781803377
1937189594
2917630192
1718656455
3700359760
3631134244
5533658356
2633638042
2338901322
3641697863
1930007661
2483982991
3969792289
1986561163
5794310544
1780991821
5583717937
3729758967
2974169425
5284706461
5692893320
5326275916
2011691533
2695003823
1739327483
2530233055
1576840445
2334724061
2906695783
2005095295
1963558671
2023124383
5964065544
1741065751
3855592011
2238916925
1919526194
5194518330
2091894507
2400313252
6038022059
2893906601
5464414758
1618925894
1976353711
1309160997
2288651582
2276809045
2079884875
6198635731
1738238880
6033200092
3268641072
3206634785
2700571074
2770713255
5880216208
1951360525
5429442721
3865852019
2328434723
3793164014
2689678110
2462775223
2477990944
3153163360
1979870413
3847694302
2694026213
1892406893
2676909251
3299386407
2742592602
2079298633
1885045980
3227293804
1853945254
3154422992
2350416447
2864925463
2018470581
2395388724
6120712450
1851166967
1734283511
1195823454
3803899609
3697970964
1930770665
2493870582
1242271243
2171783794
2711876335
5037054344
1867003835
1802814073
5399341493
2370401100
1770454615
3238100561
5990992662
3732777494
2928920363
2493915260
6038681252
2657574975
3423436460
6325159337
2637498462
1778254991
5337849662
5350801994
5387427173
5139155036
5281830660
5888148515
3516816434
5782280645
5974988162
2390063837
1966103430
5578678722
2915618507
5485981628
6275433868
5976013476
2427103970
5646925796
3545343004
2199585721
2292611340
1780713510
6364092458
1793184661
5970521916
5333445144
6147230347
5213360600
6294227552
3835597048
2811470490
5138625913
5743396265
2180267844
6317926399
5501176839
3234410590
5416975273
5655897031
5260433901
5515569203
5891892187
2631538827
1949969314
5434834191
3193371592
2239789657
5343134563
2644953877
3019334657
2658336505
5646887365
5955528213
1770024650
1965631031
6338247995
5775930549
5983342331
2629722643
1772544210
5247339943
5547215286
2771893281
5743905736
5261681768
5091522200
5897940939
5476858160
5943227804
5950341255
5341132848
5246135758
2003231285
3305706892
1738828607
1917931834
1276000037
5889646139
2428152275
2063702362
1975450493
6052222138
3322468972
2015286023
2489190632
3529608715
5141824239
3313196317
3170256447
2366472320
3316565381
3947813960
5279591226
3579543130
1947509760
3197164217
2655858103
2396502323
1318574731
3308495951
2000209395
1993571230
5261835489
3558692495
2610698555
2358002865
5247928297
2978428361
3509108315
2913126312
2812387580
1845452832
5329122733
5705391934
3309315294
3173894961
3128227265
2582575007
2066054375
2716589691
1917890901
5528081066
3873313755
2117996143
5134372903
1932432144
6240729503
5647260372
3549919197
3386110890
2606771561
1773939693
5492904770
5784479290
5722702414
5261993367
1680741357
3013956175
2622036375
5600554110
3859012949
3249287047
3165407942
1763338353
6324698594
5814213060
5362369607
2255367722
5697598670
2734936950
1834625903
1728809473
5550404189
6318488594
6081355061
6050823854
5889367824
5855546796
5734956981
5143930528
2965151495
2944815923
2787303131
2206372547
6178255899
3311239845
5884110430
5576738720
5541178255
3292091341
3206494214
1763453100
6159356313
5771957702
5525426133
3381366524
3195394195
2728571682
5300029909
3148373702
6178252072
5945234834
5599845955
5181161012
5108499088
3819536181
1729667005
1668786392
2323508424
5913941988
5911884966
5435209999
3796715717
6346749218
5762837828
5748534713
5154181454
3805089854
3527827992
3286976963
2412477115
2274023900
5584247863
5497930820
6265114978
5958338781
5699489339
5468559777
6117286031
5251969694
5251420586
5039818736
1733378792
5878859903
5619785067
5000052307
3879429698
6224540231
6003949708
5723192732
5235968193
5187504999
5043209901
6019875722
6373210924
6298126774
5541476431
3208903380
6253855351
5829160529
1878640841
5948438332
5711371118
3970605828
5637746331
2628172435
6192664126
5597172861
5454523418
5385355043
5327413367
2293517207
6420408276
6008477205
5836951531
5070504511
6188972004
6441325102
6404608779
6384590629
1357837270
6221461942
6333795003
5888828068
6128744711
6091163108
5619264796
5966986607
5902804946
5870456616
5737950205
2060052063
6255718847
5658688025
5582071689
5333329399
6008356051
6396690033
6047006114
6035007430
5730461461
5575964471
6456601923
6429437416
5641093279
5356507638
5083069318
5641150841
5630763314
6266506756
6190894579
5697582967
5695557951
5526224335
6094476686
6429789510
6301700672
6138151049
5245518187
2662034283
6182879812
6044761142
6015774657
5498613844
5892471461
6261419742
5884206137
6447348076
6444141201
6437446651
6416707011
6411475624
6393014723
6381015907
6369831989
6352217300
6312738983
2496373365
6371550046
6348426729
5909379828
1951753645
1855986143
1862969420
2014499973
2065915894
2007956164
3276445710
1903297390
1800431824
1901733947
1874054111
1759107137
1842645417
2040570045
2494716071
1977785223
1853642211
1690684994
2061503587
1575006857
1906463943
5285879974
1785983734
1776710537
1742749092
1869459080
1773334614
1864591862
1731592251
1925047922
2826597320
5198013380
1312027317
3285159311
6292597525
1769340624
2117706524
1866833821
1765693852
1724922384
1772501155
1871365715
1654454922
1888782704
1756299673
2662315713
1768319767
1744354003
2494610147
1268019502
6346944522
3980603317
1930756044
1862156452
1642831592
1525614024
6079136165
1729377530
1635447785
2704134741
1972418213
3747840963
5287115488
1747471551
1201476081
1217104393
2254347583
2693484035
1933606782
2752031075
1423901702
2768740747
2679890973
1848110177
1270848027
5678058895
1216999561
1739183074
1790589285
1905028324
1982787687
2950148474
2044887560
1825236755
5976140504
2366988402
2172513060
5860324488
2171410600
1891974060
1733029945
6329015507
5150549164
1838618595
5044050026
6409623644
1761308770
1937914683
6017928861
1802667072
1970498811
2581682971
1742977910
1900324251
1903787833
2716290273
1722921374
1772218912
1053951481
1738825111
1831473641
1752925833
1653317911
1680273471
1734239202
2817031882
1800575865
1769115345
1806985642
1906355887
5770277385
5177433806
1852241387
1719447161
2123722015
1964438041
1883281362
1857093300
1803798253
6003864151
1784243575
1797336823
2057614632
2062140737
1738204531
2245337953
2559218382
6001557245
2772145433
1750637147
2097634320
2324335624
5770487338
1715364387
2703456523
2166542297
1967496037
1752350343
1704318827
1261511392
1579132815
5732996229
3637020163
3954563429
2292505833
1784534025
2646477042
6294708127
1808480212
5284256729
3145742274
2210737345
3017673755
3082767990
1822422303
1697163442
2291580523
1805297800
2661783493
2100448240
2052347633
1881007575
1923864455
5665690701
1738050883
1868464223
5057147554
5538866268
1244760405
1809644210
3339741130
3085564143
1251295657
3995190378
1572652543
1364012653
6229496038
6249772879
6179733921
5785064149
5644085976
3201062770
6353253047
3898879062
6218024814
1245101484
2248835923
6006121967
5260595596
5842215465
3308074853
1778480220
5050999009
5747528794
5842243716
5105592462
5983734722
6237768459
5976890327
6029916323
6329022805
5719267813
5671948724
5659573956
6386074629
6064272909
5095185756
2631560905
1818225803
6412723266
5444157496
5081471378
1466328827
1870926834
1729128607
1878864352
1657254147
2734318314
3699926604
3224365135
2095802737
1847072720
2104553054
1758988215
1255120147
1274132767
2904303971
2042916383
1708590530
1455644290
1759178851
1926020705
2313569362
1564700373
6413500730
5424054435
1841434135
1230430900
2926376251
2470342615
1800306647
1775892063
1780957331
2671219261
3225308102
1777580793
1826068121
1822976854
1334595793
2230687413
3674395733
6021531816
3095473747
5586452574
1278381353
5665309204
1913768364
6188824488
3244130942
2270824571
1775910443
3691424827
1951700241
1937938065
2105790950
1793092432
1663255305
1961484121
1873184522
5251151238
1900113383
1445033754
1050420642
2827851933
2480058472
1819265755
1797903103
3750756274
1941498890
1771783322
1233545854
1956008433
1685045592
1856141727
1745019960
2749280615
1605387800
1771816870
1952892485
2813961685
2432360794
1701683950
2706566941
2310458702
6274610357
5607045122
2626571471
5570577404
3093445730
1250658210
1913333900
3121501132
3123846270
1007217827
1564602714
6029109618
2339378153
1944097935
5420351417
2432256503
6251112520
5874328971
5744093849
5643402866
2961435841
1776010611
2338712745
5902798030
5384648982
5283482201
2037966482
1807499047
6106349688
1548694245
5554573394
3274979221
5203465832
1912766794
3227619704
1904113401
1785777380
1768295211
1782582583
3946510649
3008070557
1793751940
2338830897
3340947170
2452374655
5650229852
2010448582
3559010497
5474551664
2979624243
5927753341
3904645918
2773051321
2092588072
5680613127
3084659757
1645109921
5563074361
5503560789
5156631523
2821808275
2626640087
2605043027
1750453702
1588063403
1904364920
5622303134
2279308513
2175598765
1944564633
6123955556
3911082822
2170592710
3983474694
2958792170
1504538417
1028298694
3653648725
1731098862
3934004547
5797608033
5328660189
5490658902
2212613773
5884295200
5873945064
1785549013
2755757083
5904409680
2622067721
3178219031
2799761462
1831967551
5501481625
6088207883
5758274254
6008617415
3811208728
6135343870
5567663340
2420016355
6066391793
5963676996
5717835707
3906202412
3457822982
6047156656
5673096386
5672547567
2806561624
6051475202
5982663786
5888681269
6348511995
5625497617
6448760693
1202597635
5867541642
6105675913
5519122685
5694036944
3199295472
5992526050
5261329771
3188356814
6224796438
6031620617
5973449196
5932572214
5454811851
3936151962
6223702479
6447681844
6396482165
6334266352
6083954763
1916149604
5828979480
6458530520
6432769857
5789134270
5591541392
5940910489
5903893349
6148182584
6030002896
5868154217
3535193884
5514856376
6046732924
1495641687
2101973883
1886527171
2101686092
1790644640
1865287962
2700967812
2497061740
2686760222
5897968840
1732297015
1802213702
6021662539
6407943022
6101753344
3286701575
1763807181
6290254935
2088545453
1880130943
1496903751
1241109262
1872874552
2727511930
5910072429
2843487270
3976738653
5820055254
5865613755
6264448101
5615339077
3979663308
6196160044
5503579208
5173042701
1826419121
1962405471
5135311602
1881798721
5220611196
2368578451
1749068231
5138626369
2641733811
6084166719
5385122841
5681164941
2129129821
1873343674
2475046704
1446110981
5502081842
5500482797
5504766947
5500468989
5498491484
5497640098
5501261104
5503572934
5361570753
